"Reporter Name"	"allData.replica1"	"allData.replica2"
"tcruzi-143"	15531.68	3419.46
"tcruzi-366"	58496.06	18799.83
"tcruzi-378"	4395.76	257.48
"tcruzi-575"	11387.34	707.49
"tcruzi-580"	29954.36	8349.93
"tcruzi-584"	60209.38	26732.33
"tcruzi-585"	65406.44	28921.75
"tcruzi-589"	64925.86	34697.39
"tcruzi-591"	62042.33	32687.37
"tcruzi-592"	63682.35	31747.23
"tcruzi-593"	57171.77	20824.57
"tcruzi-594"	63548.71	22804.61
"tcruzi-595"	62251.33	26703.36
"tcruzi-596"	58892.38	23003.51
"tcruzi-1023"	77.84	28.02
"tcruzi-1104"	21694.93	2809.14
"tcruzi-1239"	39830.87	17485.12
"tcruzi-1324"	49704.15	16475.94
"tcruzi-1412"	512.58	40.38
"tcruzi-1444"	62.51	25.02
"tcruzi-1482"	456.73	18.66
"tcruzi-1854"	26325.12	5574.3
"tcruzi-2048"	2905.08	974.3
"tcruzi-2092"	9422.05	1047.31
"tcruzi-2146"	9374.71	469.35
"tcruzi-2147"	39782.53	14120.72
"tcruzi-2151"	39240.43	19556.36
"tcruzi-2152"	55171.21	20068.21
"tcruzi-2154"	21878.41	2728.7
"tcruzi-2155"	19980.52	2606.1
"tcruzi-2156"	15205.77	1998.4
"tcruzi-2158"	60051.96	25306.53
"tcruzi-2161"	53910.02	25423.63
"tcruzi-2162"	58934.89	27598.33
"tcruzi-2163"	36052.05	15203.96
"tcruzi-2164"	37756.33	15054.71
"tcruzi-2165"	45000.28	15741.57
"tcruzi-2166"	26409.61	13680.85
"tcruzi-2169"	6997.37	725.65
"tcruzi-2170"	33883.54	3906.4
"tcruzi-2240"	31174.52	6566.27
"tcruzi-2241"	11751.97	766.69
"tcruzi-2242"	24675	4765.82
"tcruzi-2244"	35909.18	13924.9
"tcruzi-2245"	34007.29	10927.09
"tcruzi-2248"	38202.7	16838.37
"tcruzi-2252"	50753.12	18946.15
"tcruzi-2253"	55920.13	20457.07
"tcruzi-2254"	51298.71	16227.31
"tcruzi-2255"	49918.27	16648.99
"tcruzi-2256"	22504.64	3693.11
"tcruzi-2273"	9433.25	1093.57
"tcruzi-2487"	41672.37	26333.4
"tcruzi-2488"	37862.62	25191.33
"tcruzi-2489"	36982.71	21520.2
"tcruzi-2806"	3457	143.99
"tcruzi-2807"	26306.51	2502.56
"tcruzi-2808"	32834.63	4585.53
"tcruzi-2810"	39317.6	4737.49
"tcruzi-2813"	35180.83	3429.07
"tcruzi-2833"	961.66	206.07
"tcruzi-2834"	377.03	74.58
"tcruzi-2845"	2294.58	177.23
"tcruzi-2846"	26492.7	2589.11
"tcruzi-2847"	33034.67	4313.8
"tcruzi-2848"	27173.96	2076.3
"tcruzi-3054"	3688.17	300.68
"tcruzi-3125"	422.73	36.59
"tcruzi-3190"	200.92	13.83
"tcruzi-3283"	1214.65	101.41
"tcruzi-3337"	30820.11	3400.06
"tcruzi-3340"	3454.56	568.66
"tcruzi-3354"	27551.45	5936.35
"tcruzi-3378"	27026.29	7809.71
"tcruzi-3379"	12634.59	2147.13
"tcruzi-3412"	42366.99	14465.06
"tcruzi-3413"	50288.09	17393.92
"tcruzi-3414"	62368.25	23595.83
"tcruzi-3415"	53811.78	17083.29
"tcruzi-3515"	8905.83	670.4
"tcruzi-3866"	767.29	146.9
"tcruzi-4163"	889.49	136.64
"tcruzi-4310"	56.54	36.06
"tcruzi-4502"	1598.16	94.53
"tcruzi-4589"	7368.26	809.06
"tcruzi-4686"	59004.34	26727.93
"tcruzi-4710"	1525.68	93.02
"tcruzi-4824"	29833.7	5215.38
"tcruzi-4864"	754.21	22.74
"tcruzi-5098"	39777.17	19302.32
"tcruzi-5482"	1054.34	80.04
"tcruzi-5590"	1430.95	114.33
"tcruzi-5818"	60805.87	37135.59
"tcruzi-6271"	204	40.53
"tcruzi-6280"	119.59	31.75
"tcruzi-6346"	6246.06	695.42
"tcruzi-6537"	577.54	51.37
"tcruzi-6546"	28553.96	3019.08
"tcruzi-6677"	58.64	24.75
"tcruzi-6944"	131.51	40.83
"tcruzi-7130"	21456.2	4294.66
"tcruzi-7171"	17053.83	1675.06
"tcruzi-7756"	18327.92	3401.01
"tcruzi-8024"	1139.45	37.36
"tcruzi-8276"	14682.31	2292.19
"tcruzi-8366"	242.12	32.21
"tcruzi-8506"	81.77	33.06
"tcruzi-8532"	193.98	38.37
"tcruzi-8741"	675.74	63.93
"tcruzi-8849"	10304.01	1322.6
"tcruzi-8850"	10065.17	1075.55
"tcruzi-8851"	10044.33	964.42
"tcruzi-8852"	5297.94	458.16
"tcruzi-8855"	7262.88	874.3
"tcruzi-8856"	6163.43	775.07
"tcruzi-8861"	26550.05	5564.34
"tcruzi-8867"	10148.71	951.69
"tcruzi-8868"	915.81	95.82
"tcruzi-8882"	19238.6	4174.94
"tcruzi-8883"	5791.01	495.36
"tcruzi-8892"	37485.8	7941.3
"tcruzi-8893"	35831.97	7026.67
"tcruzi-8894"	35085.96	7159.53
"tcruzi-8909"	11372.55	1311.88
"tcruzi-8920"	1164.24	116.01
"tcruzi-9169"	399.5	54.59
"tcruzi-9219"	307.08	39.67
"tcruzi-9352"	25798.69	3500.21
"tcruzi-9354"	25926.26	3283.56
"tcruzi-9355"	23391.59	2406.18
"tcruzi-9357"	16174.39	1730.74
"tcruzi-9358"	25927.36	2519.19
"tcruzi-9359"	26127	2502.97
"tcruzi-9519"	18660.45	1467.06
"tcruzi-9520"	22378.42	2070.7
"tcruzi-9667"	1444.33	199.75
"tcruzi-9710"	20346.26	1602.03
"tcruzi-9922"	1416.69	101.13
"tcruzi-9956"	9628.77	1148.32
"tcruzi-9973"	6400.71	1186.93
"tcruzi-9991"	666.03	69.05
"tcruzi-10046"	527.21	114.98
"tcruzi-10070"	4143.08	452.85
"tcruzi-10242"	70.41	22.27
"tcruzi-10480"	2363.42	190.3
"tcruzi-10541"	1705.41	431.91
"tcruzi-10742"	182.08	27.83
"tcruzi-10745"	33911.24	14598.74
"tcruzi-10756"	54411.53	28342.33
"tcruzi-10757"	64341.49	37175.22
"tcruzi-10759"	61673.06	35418.54
"tcruzi-10760"	984.32	205.95
"tcruzi-10761"	33631.07	11745.12
"tcruzi-10763"	64814.63	36563.35
"tcruzi-10766"	53120.17	28712.7
"tcruzi-10767"	49000.84	24578.42
"tcruzi-10768"	55080.25	28266.75
"tcruzi-10769"	243.82	32.15
"tcruzi-10771"	49579.64	25526.05
"tcruzi-10772"	64067.94	36294.27
"tcruzi-10773"	38946.73	17863.94
"tcruzi-10774"	10530.01	4975.68
"tcruzi-10820"	9361.23	4684.44
"tcruzi-10821"	62842.18	39479.83
"tcruzi-11128"	3129.47	631.32
"tcruzi-11131"	5062.13	492.06
"tcruzi-11132"	15323.52	2420.93
"tcruzi-11136"	7705.49	1071.47
"tcruzi-11137"	10940.34	1613.83
"tcruzi-11140"	17985.82	4521.02
"tcruzi-11144"	19997.23	2025.09
"tcruzi-11145"	20843.22	3213.12
"tcruzi-11146"	22879.28	3239.9
"tcruzi-11147"	18985.88	2359.67
"tcruzi-11148"	41687.41	11658.81
"tcruzi-11149"	7618.62	675.63
"tcruzi-11150"	24819.29	4328.84
"tcruzi-11151"	44148.46	19052.46
"tcruzi-11157"	1923.45	67.31
"tcruzi-11178"	9717.86	2171.69
"tcruzi-11245"	3323.65	230.08
"tcruzi-11312"	585.11	80.74
"tcruzi-12409"	998.44	235.59
"tcruzi-12502"	981.48	60.92
"tcruzi-12555"	45.48	14.02
"tcruzi-12764"	3398.68	266.24
"tcruzi-13102"	24335.3	13954.94
"tcruzi-13103"	26509.45	15168.81
"tcruzi-13104"	27499.24	20203.52
"tcruzi-13105"	22729.05	11297.24
"tcruzi-13130"	100.41	48.27
"tcruzi-13195"	5834.14	894.02
"tcruzi-13422"	4957.41	695.75
"tcruzi-13545"	29133.48	16731.17
"tcruzi-13784"	34470.55	10158.95
"tcruzi-14422"	79.79	25.32
"tcruzi-14563"	1036.48	173.21
"tcruzi-14742"	27049.36	14872.48
"tcruzi-14861"	532.21	73.17
"tcruzi-14935"	3915.77	566.22
"tcruzi-14937"	31543.2	4042.16
"tcruzi-14938"	33810.58	5225.9
"tcruzi-14940"	41755.26	6730.92
"tcruzi-14943"	41847.68	5362.92
"tcruzi-15075"	1414.96	207.31
"tcruzi-15082"	446.47	76.02
"tcruzi-15129"	2883.6	268.67
"tcruzi-15130"	26823.91	2967.56
"tcruzi-15131"	43079.14	5329.43
"tcruzi-15132"	30361.16	3310.11
"tcruzi-15156"	5283.56	289.89
"tcruzi-15268"	809.47	104.49
"tcruzi-15700"	156.5	31.19
"tcruzi-15943"	294.75	26.4
"tcruzi-16134"	53.87	14.13
"tcruzi-16200"	419.72	24.58
"tcruzi-16203"	383.56	51.12
"tcruzi-16239"	23228.33	2430.99
"tcruzi-16415"	361.26	55.03
"tcruzi-16428"	5020.53	440.62
"tcruzi-16605"	2257.51	109.46
"tcruzi-16666"	31527.11	18804.07
"tcruzi-16729"	1930.25	136.08
"tcruzi-16730"	36247.68	13727
"tcruzi-16731"	37309.29	11925.01
"tcruzi-16755"	34052.49	13753.36
"tcruzi-16756"	36527.73	12833.66
"tcruzi-17175"	4056.18	399.92
"tcruzi-17209"	1550.64	278.17
"tcruzi-17591"	4780.98	370.98
"tcruzi-17603"	99.73	37.82
"tcruzi-18141"	1837.92	122.94
"tcruzi-18183"	1853.73	146.96
"tcruzi-18231"	5369.25	268.28
"tcruzi-18550"	29254.04	3074.11
"tcruzi-18584"	534.74	95.54
"tcruzi-18636"	1027.23	56.07
"tcruzi-18676"	30390.72	6722.52
"tcruzi-18716"	1040.09	105.54
"tcruzi-18835"	25249.85	5562.47
"tcruzi-18836"	15959.2	2541.61
"tcruzi-19006"	63556.66	15879.86
"tcruzi-19007"	47994.06	18405.2
"tcruzi-19008"	60810.28	26797.76
"tcruzi-19009"	50762.54	15831.01
"tcruzi-19154"	44.99	9.9
"tcruzi-19212"	20271.46	3856.18
"tcruzi-19213"	52715.22	28662.91
"tcruzi-19215"	50078.02	27271.1
"tcruzi-19217"	60194.68	33418.15
"tcruzi-19218"	58320.99	32376.86
"tcruzi-19219"	60766.55	31827.15
"tcruzi-19433"	1107.64	98.34
"tcruzi-19508"	30454.69	8073.15
"tcruzi-19509"	33273.7	11932.71
"tcruzi-19511"	40821.66	18305.97
"tcruzi-19861"	517.54	81.1
"tcruzi-19981"	1604.02	121.58
"tcruzi-19989"	1282.88	94.62
"tcruzi-20076"	2613.78	260.68
"tcruzi-20096"	397.59	48.32
"tcruzi-20238"	209	35.44
"tcruzi-20695"	32879.24	5491.38
"tcruzi-20696"	1125.8	119.04
"tcruzi-20788"	256.04	34.74
"tcruzi-20944"	56.61	24.86
"tcruzi-21075"	38883.79	8933.15
"tcruzi-21216"	1502.97	208.15
"tcruzi-21226"	50964.3	18388.8
"tcruzi-21227"	34154.65	9442.96
"tcruzi-21230"	34813.54	11852.51
"tcruzi-21232"	21096.6	6020.22
"tcruzi-21233"	29779.76	6923.29
"tcruzi-21234"	25968.59	4404.03
"tcruzi-21242"	60594.4	17969.87
"tcruzi-21443"	54.02	36.49
"tcruzi-21980"	61.56	30.65
"tcruzi-22029"	3033.03	167.65
"tcruzi-23355"	548.17	20.49
"tcruzi-23924"	97.28	18
"tcruzi-23949"	443.94	54.98
"tcruzi-24291"	19109.91	1742.72
"tcruzi-24344"	151.41	41.47
"tcruzi-24353"	641.83	26.17
"tcruzi-24360"	3695.62	304.49
"tcruzi-24479"	3652.96	300.15
"tcruzi-24578"	50078.6	25390.4
"tcruzi-25355"	195.25	19.14
"tcruzi-25728"	586.49	45.99
"tcruzi-25947"	19135.22	2103.19
"tcruzi-26281"	50329.68	5660.38
"tcruzi-26492"	1599.54	71.16
"tcruzi-26522"	3183.27	231.64
"tcruzi-27102"	9770.62	607.56
"tcruzi-27158"	1600.72	110.28
"tcruzi-27706"	55834.37	24719.57
"tcruzi-27761"	9510.13	2164.59
"tcruzi-27849"	1525.91	140.13
"tcruzi-27860"	43123.8	24416.31
"tcruzi-27861"	14581.16	1547.97
"tcruzi-27908"	13720.13	1269.12
"tcruzi-28359"	4185.01	1239.95
"tcruzi-28450"	46730.66	8677.86
"tcruzi-28587"	19566.45	6312.74
"tcruzi-28720"	4194.54	311.94
"tcruzi-28791"	63299.3	32624.32
"tcruzi-28955"	50371.72	24725.05
"tcruzi-28999"	38264.77	8464.5
"tcruzi-29000"	63005.18	31250.84
"tcruzi-29001"	64456.86	32589.72
"tcruzi-29002"	51819.03	18753.55
"tcruzi-29006"	58807.62	32538.35
"tcruzi-29008"	2361.63	103.32
"tcruzi-29319"	4306.51	546.83
"tcruzi-29520"	728.96	63.55
"tcruzi-29826"	41723.06	10771.77
"tcruzi-29827"	12126.81	1182.79
"tcruzi-29830"	15321.16	1808.86
"tcruzi-30153"	121.29	11.06
"tcruzi-30285"	288.13	36.22
"tcruzi-30410"	56568.85	22087.92
"tcruzi-30480"	4933.2	450.02
"tcruzi-30583"	65.03	23.35
"tcruzi-31072"	2675.95	153.46
"tcruzi-31530"	3236.2	827.65
"tcruzi-31542"	208.7	46.09
"tcruzi-31713"	10521.9	1684.22
"tcruzi-31714"	10811.46	1894.24
"tcruzi-31715"	34934.61	9424.19
"tcruzi-31716"	31941.01	8783.73
"tcruzi-31717"	1344.23	78.15
"tcruzi-31739"	68.78	23
"tcruzi-31837"	34452.63	5925.39
"tcruzi-31838"	41064.39	8046.4
"tcruzi-31839"	50547.92	17910.76
"tcruzi-31946"	111.37	45.52
"tcruzi-32249"	238.19	26.8
"tcruzi-33271"	34140.87	16220.04
"tcruzi-33376"	58.11	31.33
"tcruzi-33581"	6383.91	479.76
"tcruzi-33833"	163.22	95.49
"tcruzi-34178"	140.51	24.06
"tcruzi-34211"	69.33	41.8
"tcruzi-34501"	172.32	44.84
"tcruzi-34583"	49.44	26.58
"tcruzi-34652"	135.89	24.54
"tcruzi-34693"	91.91	50.97
"tcruzi-34838"	53.76	16.83
"tcruzi-34974"	76.03	35.28
"tcruzi-35497"	56.26	34.04
"tcruzi-35787"	915.88	87.32
"tcruzi-35799"	327.78	60.71
"tcruzi-36112"	83.22	30.91
"tcruzi-36668"	59683.26	10550.19
"tcruzi-36669"	46232	6141.72
"tcruzi-37159"	540.05	43.95
"tcruzi-37356"	79.81	28.55
"tcruzi-37392"	341.93	112.34
"tcruzi-37634"	4453.42	472.51
"tcruzi-37731"	109.24	38.78
"tcruzi-37733"	40120.72	8353.41
"tcruzi-37734"	57075.54	20159.71
"tcruzi-37763"	191.7	21.24
"tcruzi-37926"	68.28	33.37
"tcruzi-38082"	183.87	34.61
"tcruzi-38113"	202.72	17.59
"tcruzi-38471"	41599.44	4956.81
"tcruzi-38740"	259.97	20.8
"tcruzi-38819"	64788.2	39957.55
"tcruzi-39390"	60.65	39.28
"tcruzi-39871"	712.6	56.52
"tcruzi-40278"	42200.06	6778.91
"tcruzi-41099"	78.04	24.62
"tcruzi-41161"	73.56	25.01
"tcruzi-41226"	1711.61	136.71
"tcruzi-41531"	11791.89	1700.82
"tcruzi-43316"	17186.13	3515.64
"tcruzi-43361"	4323.29	144.91
"tcruzi-43732"	591.02	44.63
"tcruzi-43830"	16491.33	2105.48
"tcruzi-44266"	1386.79	147.35
"tcruzi-44464"	125.12	7.42
"tcruzi-44513"	96.03	30.22
"tcruzi-44541"	456.41	25.92
"tcruzi-44558"	48845.19	23672.85
"tcruzi-44795"	64171.54	35845.2
"tcruzi-44798"	65029.98	43390.8
"tcruzi-44799"	65493.97	53134.62
"tcruzi-44810"	65386.11	49550.71
"tcruzi-44811"	266.32	45.29
"tcruzi-44812"	60961.42	27282.93
"tcruzi-44816"	63736.75	46931.17
"tcruzi-44817"	64985.59	49991.88
"tcruzi-44818"	63370.28	44745.88
"tcruzi-44821"	62650.86	33042.79
"tcruzi-44822"	47190.4	19010.48
"tcruzi-44823"	62161.95	31926.32
"tcruzi-44824"	61670.63	27433.79
"tcruzi-44838"	68.14	16.16
"tcruzi-44843"	58.83	24.06
"tcruzi-44872"	60674.66	36380.79
"tcruzi-44873"	55826.23	20491.97
"tcruzi-44874"	64490.06	48063.92
"tcruzi-44875"	65533.22	41862.21
"tcruzi-44876"	62488.01	32956.2
"tcruzi-44877"	16597.42	3667.14
"tcruzi-44932"	89.15	28.54
"tcruzi-45774"	356.95	78.38
"tcruzi-45917"	36.44	28.25
"tcruzi-46144"	35.93	23.54
"tcruzi-46823"	46.04	18.09
"tcruzi-47464"	1255.15	116.36
"tcruzi-47475"	1706.25	259.11
"tcruzi-47905"	19876.45	2534.94
"tcruzi-47906"	18459.48	2442.05
"tcruzi-47907"	36277.31	9378.32
"tcruzi-47908"	34008.96	8936.78
"tcruzi-47909"	4385.44	383.57
"tcruzi-48294"	138.91	29.95
"tcruzi-48314"	26374.62	3089.87
"tcruzi-48506"	445.97	57.31
"tcruzi-48927"	39743.14	20327.18
"tcruzi-48928"	27434.27	9774.3
"tcruzi-48929"	65334.45	42384.53
"tcruzi-49571"	1146.83	158.26
"tcruzi-49700"	71.83	28.87
"tcruzi-50068"	122.11	25.09
"tcruzi-50375"	39.51	22.5
"tcruzi-51108"	93.69	30.83
"tcruzi-51486"	262.98	40.11
"tcruzi-52015"	48.85	23.41
"tcruzi-52045"	30043.17	9577.73
"tcruzi-52414"	113.08	26.41
"tcruzi-52604"	73.46	32.15
"tcruzi-52862"	533.48	84.11
"tcruzi-53216"	180.68	27.26
"tcruzi-53309"	216.05	51.87
"tcruzi-53366"	107.1	21.96
"tcruzi-54125"	20641.38	6177.61
"tcruzi-54183"	8312.67	845.84
"tcruzi-54244"	32230.18	14308.28
"tcruzi-54363"	1300.64	63.43
"tcruzi-54482"	464.61	80.26
"tcruzi-54689"	43152.7	11362.73
"tcruzi-54766"	49.56	24.22
"tcruzi-55114"	7588.4	795.75
"tcruzi-55492"	30.22	25.61
"tcruzi-55914"	480.6	48.03
"tcruzi-56352"	2162.23	69.75
"tcruzi-56373"	140.1	63.25
"tcruzi-56560"	36.92	16.83
"tcruzi-56702"	94.27	27.27
"tcruzi-56806"	5548.04	508.54
"tcruzi-57788"	1749.29	144.86
"tcruzi-58068"	34916.62	12020.24
"tcruzi-58560"	75.12	30.38
"tcruzi-58779"	35450.36	13638.89
"tcruzi-58887"	35831.48	15106.19
"tcruzi-58921"	39468.79	16746.09
"tcruzi-59502"	6440.47	673
"tcruzi-59506"	2122.5	125.78
"tcruzi-59799"	21836.95	3912.73
"tcruzi-60219"	140.7	33.39
"tcruzi-60664"	164.99	26.35
"tcruzi-60782"	41692.12	14497.57
"tcruzi-61606"	248.88	26.79
"tcruzi-61981"	18988.91	1696.63
"tcruzi-61989"	1503	115.6
"tcruzi-62230"	109.17	32.99
"tcruzi-62651"	193.35	34.93
"tcruzi-62713"	261.29	31.44
"tcruzi-62909"	17105.54	1518.51
"tcruzi-62949"	108.52	12.91
"tcruzi-63185"	49.59	12.94
"tcruzi-63391"	74.92	24.61
"tcruzi-63767"	131.89	38.52
"tcruzi-64000"	104.74	28.3
"tcruzi-64442"	3370.91	583.44
"tcruzi-64892"	140.2	43.09
"tcruzi-64955"	389.04	28.67
"tcruzi-64976"	53.15	16.65
"tcruzi-65199"	132.22	26.38
"tcruzi-65573"	24009.65	17491.94
"tcruzi-66494"	120.1	20.4
"tcruzi-66836"	53100.32	8643.09
"tcruzi-67343"	1587.73	94.48
"tcruzi-67378"	16347.88	1897.04
"tcruzi-67593"	28.15	29.18
"tcruzi-67667"	103.73	34.89
"tcruzi-67704"	133.15	43.84
"tcruzi-67848"	94.76	31.01
"tcruzi-67909"	217.34	36.49
"tcruzi-68068"	143.68	53.27
"tcruzi-68531"	3533.3	398.44
"tcruzi-70105"	15151.1	3354.92
"tcruzi-70624"	388.15	27.67
"tcruzi-71241"	98.05	21.19
"tcruzi-71274"	61025.41	34973.44
"tcruzi-71377"	26207.05	5837.81
"tcruzi-71407"	6234.59	615.39
"tcruzi-71409"	6670.17	579.38
"tcruzi-71410"	5595.71	633.59
"tcruzi-71411"	3207.44	365.02
"tcruzi-71414"	3584.29	330.78
"tcruzi-71415"	3193.57	270.97
"tcruzi-71421"	20897.95	3902.47
"tcruzi-71427"	5515.43	544.34
"tcruzi-71429"	124.73	13.67
"tcruzi-71462"	11972.1	2194.28
"tcruzi-71463"	2601.12	217.4
"tcruzi-71481"	30029.6	5468.09
"tcruzi-71483"	31871.49	6380.07
"tcruzi-71485"	29871.74	6088.78
"tcruzi-71511"	7315.68	631.37
"tcruzi-71622"	85.56	12.75
"tcruzi-71719"	91.22	24.47
"tcruzi-71876"	69.38	19.09
"tcruzi-72255"	38246.23	13078.98
"tcruzi-72396"	70.58	27.02
"tcruzi-72410"	200.83	48.07
"tcruzi-72534"	60499.52	32941.65
"tcruzi-72698"	43.17	10.2
"tcruzi-73948"	181.68	42.33
"tcruzi-74192"	633.98	59.97
"tcruzi-74319"	18902.64	1534.87
"tcruzi-74391"	12009.74	1968.9
"tcruzi-74476"	393.12	79.88
"tcruzi-74985"	5143.95	302.45
"tcruzi-75010"	87.43	20.65
"tcruzi-75044"	136.68	22
"tcruzi-75268"	39.23	20.12
"tcruzi-75920"	278.34	28.3
"tcruzi-75981"	24029.16	3833.64
"tcruzi-75983"	26528.57	3056.07
"tcruzi-75984"	24298.47	2256.68
"tcruzi-75986"	17802.79	1549.91
"tcruzi-75987"	24519.02	2858.56
"tcruzi-75988"	26570.72	2575.76
"tcruzi-76077"	133.64	50.32
"tcruzi-76388"	58.44	22.4
"tcruzi-76452"	140.99	31.22
"tcruzi-76876"	446.78	50.75
"tcruzi-77190"	649.87	50.61
"tcruzi-77323"	70.96	25.1
"tcruzi-77405"	6483.35	659.52
"tcruzi-77431"	74.1	42.84
"tcruzi-77490"	20929.87	1522.11
"tcruzi-77491"	23615.02	2239
"tcruzi-77962"	324.23	44.16
"tcruzi-79190"	93.01	31.18
"tcruzi-79287"	460.66	36.13
"tcruzi-79379"	127.66	46.16
"tcruzi-79409"	322.21	90.85
"tcruzi-79551"	21189.92	1930.17
"tcruzi-79619"	46.19	44.35
"tcruzi-79912"	308.8	43.24
"tcruzi-80393"	39880.45	15978.22
"tcruzi-80403"	9797.57	1030.06
"tcruzi-80405"	19516.71	5534.18
"tcruzi-80406"	54558.58	19445.26
"tcruzi-80823"	494.34	47.82
"tcruzi-80967"	55435.22	18236.32
"tcruzi-81150"	61.78	30.68
"tcruzi-81274"	28748.11	6778.27
"tcruzi-81280"	252.34	55.62
"tcruzi-81406"	77.43	37.2
"tcruzi-81881"	151.52	29.19
"tcruzi-82118"	355.91	45.89
"tcruzi-82233"	258	100.12
"tcruzi-82382"	45.72	29.36
"tcruzi-82547"	18259.08	1860.14
"tcruzi-82569"	2395.15	272.43
"tcruzi-82653"	44.11	39.3
"tcruzi-82728"	692.56	79.51
"tcruzi-82729"	32403.92	6060.9
"tcruzi-82730"	73.7	20.31
"tcruzi-82732"	42623.27	10021.23
"tcruzi-82734"	593.66	69.81
"tcruzi-82736"	47369.04	19031.73
"tcruzi-82737"	55444.73	21142.86
"tcruzi-82738"	53718.89	18608.08
"tcruzi-82740"	34227.71	10160.07
"tcruzi-82741"	36648.37	12040.86
"tcruzi-82742"	33499.61	10014.76
"tcruzi-82746"	43202.18	13637.8
"tcruzi-82757"	405.31	108.06
"tcruzi-82768"	384.29	50.36
"tcruzi-82836"	6016.85	604.19
"tcruzi-82918"	22889.86	4282.97
"tcruzi-82919"	9438.9	1515
"tcruzi-82961"	1341.55	306.54
"tcruzi-82975"	6147.4	1109.93
"tcruzi-82979"	283.07	72.7
"tcruzi-83039"	194.05	25.79
"tcruzi-83047"	366.56	65.29
"tcruzi-83083"	1479.11	350.3
"tcruzi-83158"	61191.99	40996.02
"tcruzi-83159"	60572.1	31505.32
"tcruzi-83162"	63858.39	52994.52
"tcruzi-83165"	64692.36	59462.18
"tcruzi-83167"	63922.28	51859.15
"tcruzi-83168"	64984.67	51049.5
"tcruzi-83169"	62849.92	53641.5
"tcruzi-83170"	64595.95	47647.23
"tcruzi-83174"	65105.25	40066.08
"tcruzi-83182"	265.78	77.41
"tcruzi-83184"	56361.55	36461.55
"tcruzi-83185"	62939.36	38488.06
"tcruzi-83186"	63149.73	38098.72
"tcruzi-83187"	7272.64	934.65
"tcruzi-83188"	31773.32	6419.18
"tcruzi-83197"	576.78	224.5
"tcruzi-83204"	61455.56	32098.14
"tcruzi-83205"	61472.45	35877.98
"tcruzi-83206"	60947.58	32808.99
"tcruzi-83207"	63583.62	37131.15
"tcruzi-83208"	65197.54	37149.45
"tcruzi-83209"	63348.43	26728.66
"tcruzi-83248"	47343.91	24210.43
"tcruzi-83249"	17482.76	4653.76
"tcruzi-83257"	45837.93	27060.39
"tcruzi-83258"	19144.1	4662.12
"tcruzi-83262"	50952.15	25892.94
"tcruzi-83263"	59377.83	26856.2
"tcruzi-83264"	25226.38	6107.04
"tcruzi-83266"	60069.85	25897.61
"tcruzi-83267"	295.74	27.71
"tcruzi-83288"	130.29	28.16
"tcruzi-83311"	36458.75	5988.72
"tcruzi-83312"	7887.36	1478.83
"tcruzi-83313"	10272.95	3031.94
"tcruzi-83314"	39979.62	18234.59
"tcruzi-83374"	1469.15	120.8
"tcruzi-83377"	33788.35	9324.61
"tcruzi-83508"	52.37	26.39
"tcruzi-83812"	177.43	72.04
"tcruzi-84007"	8525.03	1328.46
"tcruzi-84029"	191.9	22.26
"tcruzi-84036"	612.3	61.19
"tcruzi-84056"	26206.37	8376.73
"tcruzi-84057"	13107.6	2551.3
"tcruzi-84059"	19715.67	5776.01
"tcruzi-84077"	3267.69	73.98
"tcruzi-84116"	456.15	62.56
"tcruzi-84131"	8185.65	750.57
"tcruzi-84132"	9696.12	1394.13
"tcruzi-84134"	30496.17	9300.26
"tcruzi-84135"	15647.79	2598.54
"tcruzi-84136"	25956.28	8306.86
"tcruzi-84148"	1175.17	142.72
"tcruzi-84208"	633.41	108.55
"tcruzi-84218"	60.22	25.44
"tcruzi-84349"	54.5	36.21
"tcruzi-84441"	51.8	21.78
"tcruzi-84444"	2460.96	449.04
"tcruzi-84508"	10912.41	2651.71
"tcruzi-84920"	4475.06	512.4
"tcruzi-84980"	46073.46	20047.94
"tcruzi-85909"	413.42	128.79
"tcruzi-85984"	20843.91	2075.57
"tcruzi-86073"	285.45	31.37
"tcruzi-86160"	97.84	30.57
"tcruzi-86265"	4421.56	313.52
"tcruzi-86311"	74.29	60.83
"tcruzi-86386"	131.92	22.79
"tcruzi-86404"	26048.42	2242.93
"tcruzi-86449"	430.16	60.69
"tcruzi-86597"	200.92	28.3
"tcruzi-86717"	1198.7	87.01
"tcruzi-86937"	147.05	23.43
"tcruzi-87181"	40777.78	18141.49
"tcruzi-87259"	269.27	26.51
"tcruzi-87313"	34047.09	9451.84
"tcruzi-87333"	43338.94	6089.68
"tcruzi-87646"	31639.35	6453.08
"tcruzi-87710"	50.69	42.47
"tcruzi-87932"	317.6	40.08
"tcruzi-88043"	139.81	32.01
"tcruzi-88139"	62080.5	30781.7
"tcruzi-88140"	59322.17	24172.54
"tcruzi-88521"	666.8	84.56
"tcruzi-88865"	473.7	73.14
"tcruzi-89148"	4925.07	2570.2
"tcruzi-89591"	334.26	74.67
"tcruzi-89672"	85.52	38.01
"tcruzi-89877"	484.29	73.99
"tcruzi-89887"	409.57	44.76
"tcruzi-89923"	46486.86	9606.39
"tcruzi-89942"	61.72	21.87
"tcruzi-89948"	54605.29	16396.75
"tcruzi-89951"	2783.49	335.12
"tcruzi-89954"	51979.43	17957.61
"tcruzi-89955"	59366.37	22786.04
"tcruzi-89957"	59308.41	21658.04
"tcruzi-89959"	29944.42	8870.39
"tcruzi-89960"	59888.9	17952.94
"tcruzi-89961"	48445.9	16211.95
"tcruzi-89965"	50726.28	16482.79
"tcruzi-90464"	905.89	61.47
"tcruzi-90608"	292.7	88.65
"tcruzi-90782"	56.76	25.37
"tcruzi-91160"	191.87	39.69
"tcruzi-91461"	40069.79	17251.16
"tcruzi-91692"	1017.87	74.98
"tcruzi-91723"	120.09	21.45
"tcruzi-91729"	70.09	32.71
"tcruzi-91738"	29962.59	13741.58
"tcruzi-91770"	60437.23	33964.87
"tcruzi-91772"	64979.33	39264.57
"tcruzi-91774"	65083.97	38933.67
"tcruzi-91775"	216.62	39.13
"tcruzi-91776"	60551.26	23894.16
"tcruzi-91778"	65269.69	41499.16
"tcruzi-91779"	62036.19	40735.82
"tcruzi-91782"	59411.65	30423.99
"tcruzi-91783"	48271.65	23724.64
"tcruzi-91784"	64653.04	29443.97
"tcruzi-91785"	52146.82	29795.68
"tcruzi-91789"	59.68	20.24
"tcruzi-91795"	63100.57	31685.03
"tcruzi-91796"	35277.48	22617.12
"tcruzi-91797"	65101.31	41182.35
"tcruzi-91798"	62643.55	41687.36
"tcruzi-91799"	61442.1	33295.64
"tcruzi-91800"	15615.64	3165.26
"tcruzi-91983"	77.33	17.53
"tcruzi-92110"	37162.9	18279.17
"tcruzi-92111"	23914.16	9324.25
"tcruzi-92112"	62100.3	38367.19
"tcruzi-92329"	54.09	17.93
"tcruzi-92551"	78.76	24.08
"tcruzi-92717"	203.69	35.11
"tcruzi-93443"	69.01	31.29
"tcruzi-93670"	170.8	42.56
"tcruzi-93902"	9676.98	1053.02
"tcruzi-93960"	275.81	45.57
"tcruzi-94285"	1752.84	140.38
"tcruzi-94614"	257.06	50.84
"tcruzi-94621"	81.89	23.96
"tcruzi-94694"	452.31	54.17
"tcruzi-94695"	47.11	19.22
"tcruzi-94699"	319.08	108.23
"tcruzi-94758"	9301.86	1007.27
"tcruzi-94759"	11981.65	951.25
"tcruzi-94769"	1737.17	543.71
"tcruzi-94779"	1644.52	373.91
"tcruzi-94803"	21523.23	2924.09
"tcruzi-94804"	1406.57	136.21
"tcruzi-94808"	23541.02	2766.24
"tcruzi-94809"	1398.78	204.1
"tcruzi-94813"	22362.89	2684.6
"tcruzi-94814"	21747.29	3251.51
"tcruzi-94815"	3740.15	428.23
"tcruzi-94817"	20810.64	1667.57
"tcruzi-94818"	3643.04	322.66
"tcruzi-94825"	37555.48	6648.71
"tcruzi-94826"	8320.12	1472.88
"tcruzi-94827"	13731.68	5348.83
"tcruzi-94828"	45818.3	22161.98
"tcruzi-94841"	530.07	61.21
"tcruzi-94894"	5355.17	261.62
"tcruzi-95046"	96.2	39.26
"tcruzi-95102"	31808.89	7268.58
"tcruzi-95116"	29198.1	6159.86
"tcruzi-95239"	29927	11465.5
"tcruzi-95363"	360.45	40.09
"tcruzi-95652"	87.1	28.21
"tcruzi-95802"	884.63	178.73
"tcruzi-95804"	487.46	93.58
"tcruzi-95808"	5405.34	469.65
"tcruzi-95809"	8379.83	961.04
"tcruzi-95819"	2183.24	712.98
"tcruzi-95830"	2017.63	284.86
"tcruzi-95831"	1778.86	224.82
"tcruzi-95835"	9032.6	1516.52
"tcruzi-95836"	8467.22	1272.36
"tcruzi-95840"	12622.87	1819.66
"tcruzi-95841"	17302.8	2064.14
"tcruzi-95842"	18461.12	2150.44
"tcruzi-95843"	15248.89	2153.59
"tcruzi-95846"	31291.86	5523.72
"tcruzi-95847"	7021.78	1697.61
"tcruzi-95848"	22114.17	6556.95
"tcruzi-95849"	45739.4	20173.18
"tcruzi-95859"	1430.88	134.36
"tcruzi-96006"	3015.83	575.48
"tcruzi-96440"	251.76	26.23
"tcruzi-96704"	445.33	52.68
"tcruzi-96796"	66.55	23.63
"tcruzi-96858"	57.88	32.06
"tcruzi-96864"	27919.53	3948.25
"tcruzi-96965"	133.05	34.56
"tcruzi-97058"	424.56	48.3
"tcruzi-97097"	2554.86	414.85
"tcruzi-97566"	73.72	28.51
"tcruzi-97658"	9743.52	1918.66
"tcruzi-97737"	2497.38	399.23
"tcruzi-97793"	74.02	42.74
"tcruzi-98349"	72.85	25.05
"tcruzi-98483"	151.12	48.29
"tcruzi-98849"	17116.09	1202.85
"tcruzi-98877"	115.81	26.84
"tcruzi-99104"	664.08	110.53
"tcruzi-99121"	85.32	24.08
"tcruzi-99483"	290.98	69.26
"tcruzi-99668"	69.12	42.22
"tcruzi-99787"	131.84	38.81
"tcruzi-100055"	604.11	70.85
"tcruzi-100162"	68.75	30.76
"tcruzi-100284"	35275.49	18947.97
"tcruzi-100318"	73.95	34.28
"tcruzi-100681"	14947.64	4786.88
"tcruzi-100743"	24823.17	4286.15
"tcruzi-100813"	72.66	20.29
"tcruzi-101092"	72.86	18.09
"tcruzi-101299"	65.75	38.16
"tcruzi-101458"	114.55	15.91
"tcruzi-101588"	136.22	48.14
"tcruzi-101707"	151.13	34.09
"tcruzi-101832"	2199.38	453.83
"tcruzi-101894"	135.29	61.43
"tcruzi-102254"	55.94	50.55
"tcruzi-102678"	239.48	26.54
"tcruzi-103137"	1985.96	194.85
"tcruzi-103387"	192.97	23.08
"tcruzi-103639"	768.32	92.11
"tcruzi-103728"	86.45	50.67
"tcruzi-103831"	45221.22	16180.62
"tcruzi-103915"	20941.4	5331.24
"tcruzi-104192"	63832.25	29418.5
"tcruzi-104193"	41642.59	11305.72
"tcruzi-104196"	65469.63	41487.98
"tcruzi-104199"	65516.08	52814.27
"tcruzi-104201"	64184.46	47878.48
"tcruzi-104202"	65536	46968.6
"tcruzi-104203"	62365.21	39096.98
"tcruzi-104204"	63752.41	39348.43
"tcruzi-104210"	64818.01	35735.44
"tcruzi-104316"	87.49	31.92
"tcruzi-104444"	235.54	34.81
"tcruzi-104468"	58660.64	27737.72
"tcruzi-104469"	61849.71	35144.39
"tcruzi-104470"	60861.4	35175.88
"tcruzi-104471"	6099.62	791.24
"tcruzi-104472"	33997.07	5981.15
"tcruzi-104720"	446.38	117.73
"tcruzi-104858"	60499.91	24070.53
"tcruzi-104859"	64916.77	25536.01
"tcruzi-104860"	58811.44	21754.55
"tcruzi-104861"	64170.7	35187.98
"tcruzi-104862"	63665.77	35886.53
"tcruzi-104863"	61296.91	26600.28
"tcruzi-105168"	206.22	47.42
"tcruzi-105245"	96.91	20.9
"tcruzi-106008"	967.36	72.72
"tcruzi-106060"	52172.05	23233.63
"tcruzi-106061"	23651.85	5802.73
"tcruzi-106211"	54894.64	24711.63
"tcruzi-106212"	14511.81	1782.6
"tcruzi-106221"	57623.14	26356.22
"tcruzi-106222"	49504.63	22145.46
"tcruzi-106223"	60639.93	25821.38
"tcruzi-106224"	25177.08	5474.07
"tcruzi-106226"	56834.46	27143.91
"tcruzi-106227"	161.14	25.3
"tcruzi-106269"	3878.4	261.04
"tcruzi-106624"	287.31	35.62
"tcruzi-106719"	64.51	30.94
"tcruzi-107004"	142.81	38.71
"tcruzi-107008"	99.54	38.67
"tcruzi-107305"	44.46	15.63
"tcruzi-108081"	10000.7	2383.65
"tcruzi-108384"	34627.29	5078.74
"tcruzi-108385"	25254.64	5527.89
"tcruzi-108386"	23588.26	6638.55
"tcruzi-108387"	10726.37	2656.98
"tcruzi-108388"	41495.89	15024.71
"tcruzi-108389"	43262.41	17879.42
"tcruzi-108390"	49297.99	22028.38
"tcruzi-108391"	38459.38	18282.99
"tcruzi-108407"	80.27	29.97
"tcruzi-108790"	11103.86	1479.4
"tcruzi-108798"	291.29	91.89
"tcruzi-108805"	211.04	40.79
"tcruzi-108853"	190.57	35.04
"tcruzi-109067"	59.31	24.07
"tcruzi-109292"	563.03	108.67
"tcruzi-109312"	14349.03	1130.61
"tcruzi-109351"	370.05	68.67
"tcruzi-109483"	397.02	70.45
"tcruzi-110050"	145.11	32.03
"tcruzi-110393"	136.91	33.36
"tcruzi-110636"	122.82	30.66
"tcruzi-110773"	36.21	14.06
"tcruzi-111283"	3056.46	209.53
"tcruzi-111289"	60.7	29.76
"tcruzi-111328"	34764.21	10890.44
"tcruzi-111437"	93.19	25.59
"tcruzi-111717"	620.02	41.31
"tcruzi-112015"	106.49	23.2
"tcruzi-112284"	105.29	18.8
"tcruzi-112796"	10617.25	1367.42
"tcruzi-112986"	59.21	33.48
"tcruzi-113024"	112.37	31.27
"tcruzi-113371"	90.52	41.06
"tcruzi-113604"	6857.03	535.2
"tcruzi-113638"	162.09	22.05
"tcruzi-113731"	101.64	21.48
"tcruzi-114213"	126.62	13.93
"tcruzi-114592"	134.41	73.04
"tcruzi-114752"	2591.82	370.98
"tcruzi-115101"	25758.63	5358.92
"tcruzi-115119"	45.49	21.7
"tcruzi-115292"	121.63	27.15
"tcruzi-115743"	63.03	23.1
"tcruzi-115822"	34.26	6.14
"tcruzi-115988"	387	83.66
"tcruzi-116455"	124.89	18.6
"tcruzi-116793"	2926.86	227.99
"tcruzi-117284"	26159.56	14994.37
"tcruzi-117285"	27126.42	16407.05
"tcruzi-117286"	27476.33	18773.32
"tcruzi-117287"	19832.64	3991.78
"tcruzi-117288"	20993.62	9154.74
"tcruzi-117486"	59.52	16.88
"tcruzi-117502"	5402.26	512.87
"tcruzi-117539"	45.5	27.38
"tcruzi-117771"	45.34	15.9
"tcruzi-117841"	48.14	26.78
"tcruzi-118052"	100.07	1.67
"tcruzi-118074"	28227.57	5939.59
"tcruzi-118075"	60905.29	29741.72
"tcruzi-118076"	62836.67	29503.64
"tcruzi-118077"	62622.92	30730.14
"tcruzi-118078"	56762.89	21417.7
"tcruzi-118079"	1143.91	139.12
"tcruzi-118080"	33752.22	4463.16
"tcruzi-118114"	184.35	78.82
"tcruzi-118127"	62.62	31.02
"tcruzi-118153"	145.71	30.64
"tcruzi-118307"	2483.66	168.1
"tcruzi-118531"	268.85	21.16
"tcruzi-118658"	59.56	17.91
"tcruzi-118983"	176.79	43.53
"tcruzi-120005"	596.49	83.26
"tcruzi-120610"	78.08	43.78
"tcruzi-120717"	756.39	79.05
"tcruzi-120743"	957.64	104.44
"tcruzi-120792"	45.84	21.02
"tcruzi-120994"	47.41	24.91
"tcruzi-121354"	157.85	32.48
"tcruzi-121736"	292.17	81.31
"tcruzi-121803"	629.57	72.29
"tcruzi-122078"	66.57	16.12
"tcruzi-122200"	25464.62	10400.29
"tcruzi-122576"	1945.1	297.65
"tcruzi-122598"	14131.62	2258.97
"tcruzi-122640"	41.87	11.28
"tcruzi-122803"	36.92	26.16
"tcruzi-122979"	332.81	80.74
"tcruzi-123067"	20391.33	1555.2
"tcruzi-123375"	112.12	34.72
"tcruzi-123430"	84.1	31.46
"tcruzi-123452"	113.56	48.06
"tcruzi-123553"	66.26	16.84
"tcruzi-123602"	164.41	18.23
"tcruzi-123954"	3034.74	250.62
"tcruzi-124014"	120.94	56.83
"tcruzi-124032"	13297.62	2127.64
"tcruzi-124048"	636.72	14.14
"tcruzi-124187"	141.34	42.82
"tcruzi-124303"	169.09	30.59
"tcruzi-124585"	673.97	88.08
"tcruzi-124645"	59572.71	23969.86
"tcruzi-124904"	60.93	39.64
"tcruzi-125072"	1430.55	121.14
"tcruzi-125370"	699.65	96.56
"tcruzi-125472"	62.28	35.68
"tcruzi-125495"	61.3	22.45
"tcruzi-126151"	203.24	63.23
"tcruzi-126634"	766.74	76.81
"tcruzi-126781"	119.57	24.41
"tcruzi-126992"	44.6	32.71
"tcruzi-127041"	63	26.68
"tcruzi-127251"	43.29	22.1
"tcruzi-127728"	2748.38	159.9
"tcruzi-127816"	154.57	47.16
"tcruzi-128170"	157.52	55.22
"tcruzi-128185"	558.1	64.47
"tcruzi-128367"	5916.22	428.7
"tcruzi-128378"	11722.49	3790.32
"tcruzi-128865"	47798.4	5564.13
"tcruzi-129107"	283.35	46.71
"tcruzi-129631"	143.23	25.51
"tcruzi-129803"	5116.02	1971.87
"tcruzi-130309"	370.96	31.97
"tcruzi-130336"	137.2	25.12
"tcruzi-130388"	1504.42	153.79
"tcruzi-130425"	34.58	22.28
"tcruzi-130444"	7436.69	664.95
"tcruzi-131325"	115.9	112.79
"tcruzi-131614"	102.62	30.01
"tcruzi-131722"	489.28	73.73
"tcruzi-131786"	81.22	33.66
"tcruzi-131809"	21.55	18.43
"tcruzi-132236"	2051.62	281.08
"tcruzi-132476"	98.96	38.72
"tcruzi-132849"	59	22.82
"tcruzi-133080"	79.79	36.57
"tcruzi-133220"	139.28	44.36
"tcruzi-133571"	82.61	26.68
"tcruzi-133607"	55.46	32.22
"tcruzi-133714"	53.86	15.89
"tcruzi-133797"	1118.05	160.61
"tcruzi-133853"	65.45	19.32
"tcruzi-133859"	50.24	36.8
"tcruzi-133862"	138.7	28.01
"tcruzi-134164"	147.98	14.47
"tcruzi-134428"	475.27	92.09
"tcruzi-134474"	29878.22	3260.23
"tcruzi-134592"	102.67	31.78
"tcruzi-134594"	89.72	24
"tcruzi-134690"	178.35	77.68
"tcruzi-134980"	62.11	27.24
"tcruzi-134984"	58.23	29.54
"tcruzi-135206"	22345.57	2383.18
"tcruzi-135371"	16437.71	1739.91
"tcruzi-135482"	1443.76	151.35
"tcruzi-135522"	50.98	40.85
"tcruzi-135596"	67.67	119.51
"tcruzi-135925"	28069.52	16996.44
"tcruzi-136222"	8509.03	1775.67
"tcruzi-136531"	143.12	35.21
"tcruzi-137036"	862.44	68.78
"tcruzi-137227"	111.07	78.08
"tcruzi-137420"	81.34	27.52
"tcruzi-137540"	350.03	68.36
"tcruzi-137641"	82.21	40.71
"tcruzi-137831"	10311.4	2950.39
"tcruzi-137832"	4332.75	232.89
"tcruzi-137834"	10452.45	1244.47
"tcruzi-137936"	3188.86	319.38
"tcruzi-137937"	7142.6	693.17
"tcruzi-137940"	2094.2	136.27
"tcruzi-137941"	3863.4	457.97
"tcruzi-137942"	3829.68	378.98
"tcruzi-137946"	2806.46	332.94
"tcruzi-137947"	2119.91	164.47
"tcruzi-137954"	9398.72	1952.01
"tcruzi-137963"	1518.11	56.16
"tcruzi-137965"	198.08	19.3
"tcruzi-138480"	82.96	19.15
"tcruzi-138482"	28979.82	4183.89
"tcruzi-138483"	37455.25	5750.82
"tcruzi-138485"	52121.85	6323.97
"tcruzi-138488"	38058.59	3714.43
"tcruzi-138503"	45386.65	28995.49
"tcruzi-138520"	64492.24	38363.6
"tcruzi-138523"	59763	30404.65
"tcruzi-138525"	49442.74	27016.88
"tcruzi-138640"	2022.16	376.14
"tcruzi-138687"	2279.19	223.11
"tcruzi-138694"	56781.36	32585.38
"tcruzi-138695"	275.93	37.2
"tcruzi-138696"	52824.3	26859.41
"tcruzi-138710"	59894.89	31451.68
"tcruzi-138712"	59691.17	38359.14
"tcruzi-138713"	54288.8	25367.07
"tcruzi-138716"	38338.3	23290.68
"tcruzi-138717"	29146.64	22004.8
"tcruzi-138718"	38926.09	10480.43
"tcruzi-138719"	41978.58	11918.37
"tcruzi-138720"	48936.68	23340.27
"tcruzi-138721"	41763.51	18165.98
"tcruzi-138722"	32509.66	10815.68
"tcruzi-138753"	1022.74	130.7
"tcruzi-138829"	7464.83	676.25
"tcruzi-138830"	2806.14	317.36
"tcruzi-138834"	182.09	41.28
"tcruzi-138860"	79.07	41.33
"tcruzi-138865"	196.72	39.71
"tcruzi-139194"	180.62	49.58
"tcruzi-139382"	63660.7	37984.29
"tcruzi-139383"	26201.76	3773.7
"tcruzi-139384"	62598.06	31185.02
"tcruzi-139385"	46583.72	22630.55
"tcruzi-139386"	42828.33	22000.77
"tcruzi-139387"	23084.1	4691.65
"tcruzi-139611"	50.28	42.28
"tcruzi-139741"	21824.32	9499.05
"tcruzi-139772"	13836.13	1784.28
"tcruzi-139773"	12401.27	2069.82
"tcruzi-139774"	31455.23	9169.66
"tcruzi-139775"	32983.32	8371.68
"tcruzi-139831"	81.16	45.98
"tcruzi-139982"	71.88	33.22
"tcruzi-140050"	383.48	44.04
"tcruzi-140060"	239.53	28.78
"tcruzi-140144"	50.69	14.89
"tcruzi-140318"	9114.58	1056.63
"tcruzi-140445"	4686.9	786.98
"tcruzi-140488"	242.62	43.17
"tcruzi-140541"	219.87	57.61
"tcruzi-140616"	123.86	68.26
"tcruzi-140664"	201.27	34.43
"tcruzi-140781"	878.9	72.65
"tcruzi-140784"	2439.19	507.59
"tcruzi-140787"	563.7	35.52
"tcruzi-140885"	11560.99	1357.98
"tcruzi-141105"	764.84	79.15
"tcruzi-141267"	5057.53	541.22
"tcruzi-141467"	99.42	31.7
"tcruzi-141468"	26877.98	2286.44
"tcruzi-141469"	45443.41	5630.45
"tcruzi-141470"	28636.64	2845.91
"tcruzi-141869"	998.22	60.93
"tcruzi-141870"	5303.87	466.64
"tcruzi-141872"	10503.2	3156.77
"tcruzi-141874"	4287.87	606.93
"tcruzi-141875"	9911.72	1900.96
"tcruzi-141884"	34706.22	17889.74
"tcruzi-141902"	765.45	51.81
"tcruzi-141907"	225.32	37.72
"tcruzi-142143"	60385.72	37942.48
"tcruzi-142287"	263.86	53.93
"tcruzi-142314"	3933.61	382.93
"tcruzi-142580"	1571.78	303.16
"tcruzi-142583"	165.59	30.24
"tcruzi-142585"	122.76	21.71
"tcruzi-142608"	19615.85	1680.51
"tcruzi-142717"	231.47	49.25
"tcruzi-142731"	151.05	28.96
"tcruzi-142814"	305.19	35.55
"tcruzi-143092"	64.23	31.81
"tcruzi-143097"	113.41	68.26
"tcruzi-143391"	19366.25	5444.73
"tcruzi-143727"	752.62	39.39
"tcruzi-143806"	115.39	24.24
"tcruzi-143810"	38610.27	14854.91
"tcruzi-144152"	2883.2	249.79
"tcruzi-144453"	42.88	15.67
"tcruzi-144602"	408.99	45.15
"tcruzi-144905"	25.8	14.06
"tcruzi-144944"	49.89	24.87
"tcruzi-145029"	145.46	42.02
"tcruzi-145139"	91.52	32.7
"tcruzi-145480"	78.52	31.66
"tcruzi-145759"	306.14	75.13
"tcruzi-145787"	68.41	31.12
"tcruzi-146126"	57.84	28.15
"tcruzi-147182"	64.58	23.55
"tcruzi-147641"	121.5	28.23
"tcruzi-147735"	36047.35	13864.69
"tcruzi-147854"	35980.45	12813.93
"tcruzi-147977"	339.91	120.64
"tcruzi-148295"	6720.03	713.16
"tcruzi-148331"	215.43	45.98
"tcruzi-148786"	11916.76	3406.36
"tcruzi-149335"	40.7	16.93
"tcruzi-149400"	65137.37	54183.55
"tcruzi-149401"	260.3	71.4
"tcruzi-149403"	64565.71	36671.18
"tcruzi-149488"	47.34	16.93
"tcruzi-149540"	3960.54	578.18
"tcruzi-149721"	99.73	39.4
"tcruzi-149807"	58823.53	36038.29
"tcruzi-149808"	55226.77	20810.81
"tcruzi-150220"	29483.91	5302.55
"tcruzi-150221"	26531.26	6067.21
"tcruzi-150323"	51.69	41.11
"tcruzi-150341"	121.29	57.53
"tcruzi-150386"	100.22	36.61
"tcruzi-150402"	15705.27	1139.18
"tcruzi-150505"	30565.41	14020.28
"tcruzi-151503"	53.74	22.22
"tcruzi-151908"	47.78	18.33
"tcruzi-152005"	39.18	26.67
"tcruzi-152130"	101.07	42.22
"tcruzi-152223"	59.83	20.74
"tcruzi-152357"	587.37	104.09
"tcruzi-152446"	7760.05	1892.34
"tcruzi-152473"	199.96	39.88
"tcruzi-152542"	154.27	151.95
"tcruzi-152779"	19578.89	2034.32
"tcruzi-152962"	1991.78	395.85
"tcruzi-153045"	181.09	35.82
"tcruzi-153219"	94.96	27.02
"tcruzi-153365"	78.4	25.84
"tcruzi-153374"	55.73	36.68
"tcruzi-153458"	57.98	50.99
"tcruzi-153683"	7814.3	1523.27
"tcruzi-153969"	12641.75	2337.44
"tcruzi-153977"	72.48	27.77
"tcruzi-153982"	89.84	22.66
"tcruzi-154193"	7791.28	2577.7
"tcruzi-154367"	123.72	55.33
"tcruzi-154593"	109.49	42.54
"tcruzi-154645"	64.86	37.01
"tcruzi-154697"	3765.71	334.36
"tcruzi-154877"	12635.98	3098.97
"tcruzi-155107"	127.02	20.79
"tcruzi-155468"	132.37	36.41
"tcruzi-155764"	74.44	19.61
"tcruzi-155795"	79.1	23.51
"tcruzi-155981"	7195.18	930.5
"tcruzi-156254"	77.1	16.07
"tcruzi-156274"	98	46.14
"tcruzi-156317"	1186.92	120.15
"tcruzi-156572"	240.82	46.42
"tcruzi-156758"	121.58	40.7
"tcruzi-156783"	66.14	22.19
"tcruzi-156817"	166.42	108.59
"tcruzi-156873"	502.45	56.73
"tcruzi-156956"	34986.33	23197.32
"tcruzi-157438"	421.59	85.9
"tcruzi-157485"	124.19	23.7
"tcruzi-157864"	61.79	39.15
"tcruzi-157892"	39126.85	13857.89
"tcruzi-157893"	35117.18	13297.01
"tcruzi-158226"	33770.01	13995.13
"tcruzi-158228"	35822.45	11982.34
"tcruzi-158363"	38385.07	10005.37
"tcruzi-159166"	11513.75	1436.9
"tcruzi-159452"	118.5	33.84
"tcruzi-160351"	83.88	29.6
"tcruzi-160843"	174.07	46.87
"tcruzi-160958"	59.2	21.6
"tcruzi-161117"	279.42	56.09
"tcruzi-161148"	80.56	24.93
"tcruzi-161169"	118.73	30.56
"tcruzi-161260"	72.71	19.5
"tcruzi-161652"	98.62	38.48
"tcruzi-163124"	66.36	46.02
"tcruzi-163140"	1656.38	168.16
"tcruzi-163403"	7234.75	2254.19
"tcruzi-164002"	38985.42	4975.2
"tcruzi-164004"	66.08	31.21
"tcruzi-164332"	38.85	19.03
"tcruzi-164420"	21171.8	3845.42
"tcruzi-164681"	135.77	51.31
"tcruzi-164970"	37505.66	8290.18
"tcruzi-165228"	35.44	20.04
"tcruzi-165353"	35234.9	17830.86
"tcruzi-165379"	224.98	28.79
"tcruzi-165662"	198.22	20.43
"tcruzi-165708"	51.3	20.54
"tcruzi-165802"	289.13	39.55
"tcruzi-165887"	52.14	11.47
"tcruzi-166016"	59.77	24.28
"tcruzi-166034"	1368.64	152.13
"tcruzi-166392"	6643.36	494.76
"tcruzi-166640"	179.22	86.2
"tcruzi-167250"	106.19	31.27
"tcruzi-167408"	4774.92	377.98
"tcruzi-167495"	61.16	23.61
"tcruzi-167509"	64.82	22.43
"tcruzi-167826"	95.98	42.58
"tcruzi-168166"	36656.04	13408.03
"tcruzi-168279"	101.52	29.1
"tcruzi-168361"	51.67	42.26
"tcruzi-168486"	107.16	31.25
"tcruzi-168511"	14811.83	1599.76
"tcruzi-168666"	668.52	80.14
"tcruzi-168829"	186.82	23.02
"tcruzi-168939"	234.69	21.88
"tcruzi-169619"	4847.96	419.77
"tcruzi-169977"	64.68	27.66
"tcruzi-170210"	37.7	22.02
"tcruzi-170398"	129.64	40.25
"tcruzi-170543"	356.39	67.56
"tcruzi-170689"	2550.75	587.91
"tcruzi-170751"	205.15	42.63
"tcruzi-170953"	55.39	12.63
"tcruzi-171077"	29344.51	3127.68
"tcruzi-171536"	58.65	24.99
"tcruzi-171689"	208.47	42.49
"tcruzi-172138"	11015.82	920.11
"tcruzi-172686"	145.1	63.87
"tcruzi-172717"	113.44	33.15
"tcruzi-172733"	109.78	20.85
"tcruzi-172901"	1286.15	103.15
"tcruzi-172915"	12105.35	1816.07
"tcruzi-173210"	385.04	78.02
"tcruzi-173221"	144.37	27
"tcruzi-173247"	164.52	16.97
"tcruzi-173373"	955.7	96.87
"tcruzi-173408"	224.07	57.52
"tcruzi-173512"	126.65	23.46
"tcruzi-173771"	393.79	66.78
"tcruzi-173824"	182.95	38.19
"tcruzi-174241"	2162.07	235.08
"tcruzi-175314"	59.93	36.47
"tcruzi-175587"	61.71	23.11
"tcruzi-175882"	43.94	26.08
"tcruzi-176556"	376.48	28.39
"tcruzi-176713"	32694.47	18740.5
"tcruzi-176768"	105.86	73.21
"tcruzi-176811"	273.74	85.62
"tcruzi-176854"	11696.11	1817.48
"tcruzi-177394"	450.52	28.24
"tcruzi-177412"	51.17	23.43
"tcruzi-178252"	89.01	37.85
"tcruzi-178465"	15194.4	1572.89
"tcruzi-178880"	119.26	37.39
"tcruzi-178958"	165.46	37.72
"tcruzi-179663"	135	30.67
"tcruzi-179699"	65.1	24.29
"tcruzi-179836"	113.38	43.99
"tcruzi-179837"	117.85	25.23
"tcruzi-179905"	511.17	63.34
"tcruzi-179955"	985.5	81.3
"tcruzi-180196"	43.92	12.98
"tcruzi-180242"	120.49	34.98
"tcruzi-180590"	17495.57	3803.3
"tcruzi-180623"	181.96	40.77
"tcruzi-180701"	161.84	56.62
"tcruzi-180879"	465.27	43.8
"tcruzi-181080"	263.75	67.33
"tcruzi-181281"	110.51	62.04
"tcruzi-181354"	246.12	16.91
"tcruzi-181449"	210.22	33.19
"tcruzi-181819"	199.13	37.65
"tcruzi-182116"	127.33	19.5
"tcruzi-182322"	525.51	74.77
"tcruzi-182359"	183.92	54.56
"tcruzi-182376"	53.5	28.48
"tcruzi-182458"	399.6	90.93
"tcruzi-182717"	19593.13	2698.25
"tcruzi-182718"	28048.87	4522.79
"tcruzi-183082"	99.11	54.85
"tcruzi-183206"	31194.12	14946.07
"tcruzi-183384"	132.49	26.56
"tcruzi-183507"	72.64	56.2
"tcruzi-183551"	200.32	26.98
"tcruzi-183625"	469.75	61.13
"tcruzi-183710"	120.07	49.54
"tcruzi-183815"	59.93	49.09
"tcruzi-183836"	28581.41	5974.32
"tcruzi-184022"	14447.01	962.89
"tcruzi-184737"	35176.48	6928.79
"tcruzi-185101"	2677	382.06
"tcruzi-185128"	42649.32	10197.63
"tcruzi-185129"	38331.5	9777.77
"tcruzi-185130"	57209.84	21999.23
"tcruzi-185131"	43005.65	12889.05
"tcruzi-185312"	101.33	28.02
"tcruzi-185403"	37596.45	6736.83
"tcruzi-185452"	1209.96	209.74
"tcruzi-186110"	97.48	31.02
"tcruzi-186306"	147.76	27.91
"tcruzi-186350"	45.96	28
"tcruzi-186482"	34768.32	9028.54
"tcruzi-186483"	14108.86	2916.33
"tcruzi-186485"	20488.82	3666.95
"tcruzi-186520"	120.44	7.84
"tcruzi-186967"	50242.15	18117.99
"tcruzi-187178"	357.22	56.14
"tcruzi-187211"	78.33	33.14
"tcruzi-187400"	71.26	18.45
"tcruzi-187653"	11851.62	1065.82
"tcruzi-187654"	52582.32	25290.77
"tcruzi-187656"	53304.64	26624.22
"tcruzi-187659"	60807.51	31320.74
"tcruzi-187660"	60170.14	34254.14
"tcruzi-187661"	64261.21	30422.3
"tcruzi-187663"	1404.8	202.27
"tcruzi-188097"	165.84	50.92
"tcruzi-188129"	311.63	52.54
"tcruzi-188150"	6802.7	1142.14
"tcruzi-188151"	5617.18	1615.89
"tcruzi-188152"	3404.66	694.62
"tcruzi-188155"	5094.71	1637.02
"tcruzi-188156"	3400.31	443.53
"tcruzi-188157"	18360.33	5216.22
"tcruzi-188159"	811.59	360.46
"tcruzi-188164"	12481.41	3844.8
"tcruzi-188165"	2873.3	800.68
"tcruzi-188172"	29265.58	7861.91
"tcruzi-188173"	28884.29	6321.32
"tcruzi-188187"	10541.83	2264.67
"tcruzi-188189"	92.84	17.15
"tcruzi-188240"	28481.14	6503.47
"tcruzi-188242"	26109.18	4890.94
"tcruzi-188244"	22456.58	2801.44
"tcruzi-188245"	24761.12	3447.98
"tcruzi-188262"	11516.38	1284.72
"tcruzi-188263"	14128.44	1981.07
"tcruzi-188325"	423.45	39.32
"tcruzi-188540"	635.5	43.48
"tcruzi-188752"	272.99	67.35
"tcruzi-188795"	469.76	41.63
"tcruzi-189015"	115.97	22.48
"tcruzi-189028"	144.43	40.23
"tcruzi-189306"	34260.36	6017.37
"tcruzi-189307"	26040.48	5676.83
"tcruzi-189309"	32898.76	15051.88
"tcruzi-189461"	58.55	38
"tcruzi-189579"	83.58	46.89
"tcruzi-189645"	667.75	165.28
"tcruzi-189893"	646.64	74.09
"tcruzi-190113"	160.64	58.51
"tcruzi-190511"	163.66	24.03
"tcruzi-190704"	109.67	26.13
"tcruzi-191345"	2109.04	102.64
"tcruzi-191347"	40.59	14.96
"tcruzi-191642"	45.09	9.06
"tcruzi-191762"	59752.25	41616.4
"tcruzi-191763"	60250.58	27584.49
"tcruzi-191766"	64345.39	50929.94
"tcruzi-191769"	65195.39	54292.37
"tcruzi-191770"	62903.98	47830.24
"tcruzi-191774"	64493.23	38293.34
"tcruzi-191777"	57939.21	31183
"tcruzi-191778"	64657.11	36194.85
"tcruzi-191779"	7746.63	1321.57
"tcruzi-191780"	15579.63	5187.24
"tcruzi-191782"	63357.99	29133.42
"tcruzi-191783"	62304.57	36513.49
"tcruzi-191784"	59963.89	31133.01
"tcruzi-191841"	132.26	65.11
"tcruzi-191842"	1089.8	115.66
"tcruzi-191845"	30963.37	9357.44
"tcruzi-191846"	7646.84	2328.82
"tcruzi-191847"	26168.93	7285.34
"tcruzi-191853"	8493.62	1268.1
"tcruzi-191854"	10493.67	1329.05
"tcruzi-191855"	33640.56	10706.89
"tcruzi-191856"	13907.69	2148.64
"tcruzi-191857"	32929.7	8410.81
"tcruzi-191912"	39496	18593.05
"tcruzi-191957"	212.74	32.7
"tcruzi-192454"	3785.05	1303.91
"tcruzi-192544"	458.61	67.95
"tcruzi-192972"	112.37	21.4
"tcruzi-193113"	96.1	28.08
"tcruzi-193328"	180.88	45.08
"tcruzi-193532"	59382.72	31998.06
"tcruzi-193533"	58717.02	22533.45
"tcruzi-193688"	667.39	73.76
"tcruzi-194004"	88.66	48.94
"tcruzi-194047"	1879.05	176.39
"tcruzi-194411"	8169.33	1449.21
"tcruzi-194553"	121.04	76.14
"tcruzi-194581"	6056.77	786.66
"tcruzi-194584"	5352.04	617.75
"tcruzi-194585"	4824.99	502.1
"tcruzi-194586"	3167.34	423.45
"tcruzi-194590"	3630.65	352.76
"tcruzi-194591"	3377.93	409.77
"tcruzi-194598"	20680.91	3990.88
"tcruzi-194606"	5037.84	568.28
"tcruzi-194608"	189.83	24.26
"tcruzi-194711"	15185.28	2496.44
"tcruzi-194712"	1941.53	309.81
"tcruzi-194806"	4589.21	456.18
"tcruzi-194808"	3104.49	321.67
"tcruzi-194810"	2873.75	299.47
"tcruzi-194845"	3109.5	278.26
"tcruzi-195187"	32721.01	12243.91
"tcruzi-195190"	34066.75	11922.59
"tcruzi-195318"	56222.77	26320.62
"tcruzi-195319"	38693.28	17408.45
"tcruzi-195440"	95.64	60.12
"tcruzi-195700"	264.96	73.56
"tcruzi-195986"	63.59	19.28
"tcruzi-196337"	5265.33	439.9
"tcruzi-196657"	112.25	20.08
"tcruzi-196768"	51.97	13.61
"tcruzi-196823"	45971.08	22447.46
"tcruzi-197287"	167.51	49.79
"tcruzi-197363"	223.41	14.03
"tcruzi-197366"	36718.99	9664.54
"tcruzi-197367"	36900.68	9753.74
"tcruzi-197369"	34432.68	4467.81
"tcruzi-197370"	32722.83	5091.85
"tcruzi-197373"	21302.31	1973.93
"tcruzi-197376"	209.44	46.47
"tcruzi-197660"	65250.08	38021.87
"tcruzi-197661"	60228.92	30095.67
"tcruzi-197664"	63328.83	49012.25
"tcruzi-197666"	64480.42	58415.22
"tcruzi-197667"	64996.34	49118.9
"tcruzi-197669"	63129.78	35559
"tcruzi-197670"	6388.74	939.7
"tcruzi-197678"	41907.11	15597.55
"tcruzi-197893"	7706.39	571.01
"tcruzi-197920"	56460.58	24445.27
"tcruzi-197921"	38619	11078.39
"tcruzi-198135"	63005.83	36346.59
"tcruzi-198138"	65536	50439.44
"tcruzi-198140"	65536	58302.32
"tcruzi-198141"	62589.86	48356.74
"tcruzi-198144"	42843.63	19203.8
"tcruzi-198172"	2316.26	136.59
"tcruzi-198359"	114.54	34.01
"tcruzi-198393"	141.46	23.53
"tcruzi-198523"	99	45.28
"tcruzi-198567"	16382.02	1484.91
"tcruzi-198697"	389.58	35.5
"tcruzi-198707"	69.97	18.05
"tcruzi-198731"	37432.36	4774.66
"tcruzi-198732"	536.18	58.56
"tcruzi-199012"	8106.89	2573.62
"tcruzi-199177"	33235.98	12673.81
"tcruzi-199181"	31428.82	12230.95
"tcruzi-199521"	266.95	47.15
"tcruzi-200246"	35761.61	15142.92
"tcruzi-200318"	3129.75	160.7
"tcruzi-200360"	22987.82	5134.86
"tcruzi-200377"	322.22	37.1
"tcruzi-200463"	609.65	98.03
"tcruzi-200608"	19326.35	3917.28
"tcruzi-200669"	82.41	64.45
"tcruzi-200843"	14319.93	1208.16
"tcruzi-200867"	22567.71	4482.13
"tcruzi-200908"	72.05	36.08
"tcruzi-200945"	43.38	43.96
"tcruzi-201066"	6704.34	1592.24
"tcruzi-201067"	15076.46	2055.58
"tcruzi-201068"	29443.79	9789.29
"tcruzi-201069"	33502.49	8162.72
"tcruzi-201070"	106.05	26.63
"tcruzi-201115"	13033.22	4027.9
"tcruzi-201266"	172.31	35.6
"tcruzi-201510"	101.83	45.81
"tcruzi-201783"	64750.83	47317.7
"tcruzi-201784"	167.11	26.38
"tcruzi-201785"	61172.66	31495.7
"tcruzi-201924"	30877.78	5049
"tcruzi-202111"	65427.85	47597.69
"tcruzi-202113"	65527.19	58172.41
"tcruzi-202114"	65145.06	52505.61
"tcruzi-202117"	57347.22	31823.4
"tcruzi-202118"	63697.51	36698.12
"tcruzi-202119"	15473.69	3221.78
"tcruzi-202120"	17200.38	4621.44
"tcruzi-202121"	59504.51	30404.52
"tcruzi-202122"	65310.55	39141.62
"tcruzi-202123"	64466.29	30374.59
"tcruzi-202273"	290.82	65.83
"tcruzi-202471"	56.51	29.99
"tcruzi-202594"	208.84	33.75
"tcruzi-202681"	22866.51	4422.63
"tcruzi-202682"	29355.35	5504.02
"tcruzi-202683"	31022.69	4218.71
"tcruzi-202686"	28777.84	4232.51
"tcruzi-202688"	2494.05	214.9
"tcruzi-202689"	23954.74	2332.72
"tcruzi-202690"	25903.75	2940.78
"tcruzi-202691"	18424.11	1618.24
"tcruzi-202702"	56052.55	10823.99
"tcruzi-202703"	58318.61	10225.37
"tcruzi-202743"	38804.05	4280.1
"tcruzi-202754"	376	55.43
"tcruzi-202929"	192.25	69.99
"tcruzi-203594"	12815.89	2521.48
"tcruzi-203595"	42078.07	20831.06
"tcruzi-203677"	55.38	20.51
"tcruzi-204051"	393.57	46.02
"tcruzi-205070"	29723.62	7685.75
"tcruzi-205071"	32798.73	8724.4
"tcruzi-205072"	37414.23	13022.17
"tcruzi-205073"	37592.61	14495.92
"tcruzi-205074"	28443.35	6804.65
"tcruzi-205111"	163.12	26.3
"tcruzi-205191"	20040.47	4445.63
"tcruzi-205192"	5358.47	1066.86
"tcruzi-205302"	150.89	20.38
"tcruzi-205943"	208.39	36.26
"tcruzi-205967"	96.95	49.66
"tcruzi-206068"	77.81	19.11
"tcruzi-206275"	52.79	21.12
"tcruzi-206385"	71.38	45.56
"tcruzi-206428"	59496.04	25750.71
"tcruzi-206431"	60145.21	22574.41
"tcruzi-206434"	64528.65	40149.23
"tcruzi-206438"	64382.19	42929.83
"tcruzi-206440"	65454.53	41072.42
"tcruzi-206441"	64616.01	47932.74
"tcruzi-206442"	62933.72	35310.52
"tcruzi-206443"	64031.38	33816.54
"tcruzi-206444"	64866.26	35966.3
"tcruzi-206460"	29640.54	13559.26
"tcruzi-206535"	62130.09	34766.07
"tcruzi-206589"	31297.95	3322.61
"tcruzi-206653"	18956.99	1618.38
"tcruzi-206804"	89.02	20.23
"tcruzi-206833"	91.32	12.65
"tcruzi-207364"	102.64	43.13
"tcruzi-207569"	37788.71	7411.7
"tcruzi-207570"	55695.57	19969.74
"tcruzi-208240"	33362.52	11645.96
"tcruzi-208268"	36309.69	14651.7
"tcruzi-208400"	36750.67	12674.29
"tcruzi-208451"	141.11	21.49
"tcruzi-208508"	73.37	20.17
"tcruzi-209194"	6518.89	607.36
"tcruzi-209395"	169.65	78.74
"tcruzi-209542"	124.45	29.83
"tcruzi-209643"	205.71	37.48
"tcruzi-209715"	112.79	65.14
"tcruzi-209974"	75.06	27.63
"tcruzi-210122"	209.84	47.08
"tcruzi-210175"	518.21	79.54
"tcruzi-210226"	17823.8	793.76
"tcruzi-210230"	226.17	40.96
"tcruzi-210241"	133.53	29.08
"tcruzi-210333"	103.66	28.79
"tcruzi-210741"	38336.02	14792.92
"tcruzi-210742"	64998.59	34188.97
"tcruzi-210743"	62698.11	33050.01
"tcruzi-210744"	4951.55	709.05
"tcruzi-210745"	37185.52	5965.98
"tcruzi-210954"	128.13	14.02
"tcruzi-211426"	154.97	29.61
"tcruzi-211432"	189.55	46.14
"tcruzi-211711"	79.87	35.33
"tcruzi-211764"	556.23	51.01
"tcruzi-211848"	64423.1	36746.82
"tcruzi-211892"	386.03	52.71
"tcruzi-212478"	16336.33	4542.21
"tcruzi-213095"	38.83	16.33
"tcruzi-213283"	47.91	44.3
"tcruzi-213861"	66.6	28.22
"tcruzi-213868"	55371.9	8882.77
"tcruzi-213962"	190.03	58.06
"tcruzi-214299"	65536	39665.69
"tcruzi-214300"	65489.06	38472.87
"tcruzi-214301"	64997.56	58153.4
"tcruzi-214302"	63889.77	51650.5
"tcruzi-214303"	63756.62	40267.95
"tcruzi-214304"	13475.87	3441.2
"tcruzi-214693"	16646.26	2418.48
"tcruzi-214776"	23395.17	1909.82
"tcruzi-215148"	82.53	36.76
"tcruzi-216189"	1691.59	690.09
"tcruzi-216284"	14697.98	2383.85
"tcruzi-217388"	36375.12	8187.77
"tcruzi-217799"	894.05	454.91
"tcruzi-217864"	263.55	18.35
"tcruzi-217906"	95.17	18.75
"tcruzi-218692"	14223.64	1814.97
"tcruzi-218701"	22332.98	4009.47
"tcruzi-219403"	40475.69	15071.31
"tcruzi-219404"	56638.93	20300.76
"tcruzi-219405"	38152.12	12784.33
"tcruzi-219406"	65002.85	32441.36
"tcruzi-219407"	63482.71	35027.01
"tcruzi-219408"	62314.24	24841.73
"tcruzi-219935"	107.4	24.38
"tcruzi-220138"	59548.47	24019.24
"tcruzi-220266"	17165.81	1312.39
"tcruzi-220391"	18702.83	5165.6
"tcruzi-220466"	23913.92	11099.5
"tcruzi-220569"	1578.56	332.6
"tcruzi-221079"	34164.28	10805.24
"tcruzi-221080"	26695.8	10408.6
"tcruzi-221084"	34929.61	12472.18
"tcruzi-221085"	33609.51	10691.81
"tcruzi-221557"	65.24	22.56
"tcruzi-221630"	530.82	52.35
"tcruzi-222053"	74.63	35.29
"tcruzi-222780"	67.65	19.1
"tcruzi-223826"	64.1	12.61
"tcruzi-224138"	44.75	16.77
"tcruzi-224750"	81.08	15.91
"tcruzi-224807"	54.87	37.31
"tcruzi-224973"	67.23	35.72
"tcruzi-225080"	32484.19	11551.4
"tcruzi-225153"	1876	187.13
"tcruzi-225188"	306.65	116.01
"tcruzi-225211"	348.91	70.29
"tcruzi-225428"	60.16	42.81
"tcruzi-225768"	494.59	86.07
"tcruzi-225895"	66.98	17.9
"tcruzi-225976"	67.02	23.59
"tcruzi-226314"	229.89	35.09
"tcruzi-226326"	2479.37	235.29
"tcruzi-226721"	100.56	18.57
"tcruzi-226767"	56.07	34.47
"tcruzi-226983"	3966.26	369.58
"tcruzi-227340"	333.41	29.02
"tcruzi-227409"	103.31	27.36
"tcruzi-227464"	49.1	11.52
"tcruzi-227505"	71.81	36.94
"tcruzi-227632"	50.54	19.31
"tcruzi-227881"	4920	399.52
"tcruzi-227938"	156.83	37.92
"tcruzi-228205"	126.04	24.22
"tcruzi-228484"	1921.87	449.34
"tcruzi-228539"	2763.86	307.5
"tcruzi-229283"	279.81	46.29
"tcruzi-229317"	133.46	21.59
"tcruzi-229610"	185.13	54.1
"tcruzi-229614"	78.39	40.63
"tcruzi-229817"	676.72	118.91
"tcruzi-229852"	169.04	28.52
"tcruzi-230036"	738.94	126.4
"tcruzi-230270"	8848.84	1272.98
"tcruzi-230757"	86.96	39.41
"tcruzi-230771"	93.04	33.49
"tcruzi-230813"	47121.2	10788.19
"tcruzi-230934"	76.51	38.07
"tcruzi-231306"	522.08	59.57
"tcruzi-231425"	34414.93	20214.15
"tcruzi-231426"	22345.45	9404.73
"tcruzi-231432"	63397.09	28181.85
"tcruzi-231443"	17984.31	1293.62
"tcruzi-231751"	38582.89	9270.06
"tcruzi-231752"	54959.7	15530.65
"tcruzi-231753"	20744.03	2080.2
"tcruzi-231870"	26.58	43.91
"tcruzi-232014"	115.88	61.5
"tcruzi-232169"	51.33	46.04
"tcruzi-232174"	95.62	26.89
"tcruzi-232250"	12436.7	2756.1
"tcruzi-232481"	7040.75	380.33
"tcruzi-232568"	29882.23	5674.38
"tcruzi-233113"	700.7	34.92
"tcruzi-233241"	171.94	26.87
"tcruzi-233534"	88.66	31.96
"tcruzi-233628"	27556.53	7574.06
"tcruzi-233637"	79.82	24.52
"tcruzi-233963"	146.31	31.91
"tcruzi-234093"	98.64	59.33
"tcruzi-234175"	65.47	30.26
"tcruzi-234249"	539.29	86.52
"tcruzi-234345"	225.48	43.1
"tcruzi-234385"	107.55	25.9
"tcruzi-234420"	60.41	20.46
"tcruzi-234479"	184.33	28.7
"tcruzi-234883"	35609.76	7329.25
"tcruzi-235343"	43822.56	10950.35
"tcruzi-235747"	109.83	57.13
"tcruzi-236091"	38094.67	16193.76
"tcruzi-236263"	128.07	72.93
"tcruzi-236495"	92.45	49.04
"tcruzi-236515"	15476.32	1806.64
"tcruzi-236578"	1122.8	261.6
"tcruzi-236866"	104.22	32.97
"tcruzi-237039"	108.31	50.12
"tcruzi-237207"	85.87	25.54
"tcruzi-237231"	48.25	24.64
"tcruzi-237297"	23147.29	4531.28
"tcruzi-237309"	42.81	23.45
"tcruzi-237470"	1001.75	84.93
"tcruzi-237538"	27699.17	4754.34
"tcruzi-237555"	363.56	41.07
"tcruzi-237975"	724.97	186.95
"tcruzi-238057"	31.5	20.14
"tcruzi-238074"	51.86	24.03
"tcruzi-238141"	53119.13	28099.02
"tcruzi-238142"	40632.31	21234.46
"tcruzi-238478"	28572.7	6131.4
"tcruzi-238543"	166.33	41.2
"tcruzi-238648"	8281.7	960.28
"tcruzi-238649"	7876.08	879.18
"tcruzi-238653"	26457.81	5635.94
"tcruzi-238658"	8984.88	853.66
"tcruzi-238763"	50.22	6.53
"tcruzi-239112"	28601.34	13277.22
"tcruzi-239201"	31367.65	16456.44
"tcruzi-239409"	105.17	30.18
"tcruzi-239501"	11793.75	2430.86
"tcruzi-239502"	48955.68	23592.6
"tcruzi-239504"	55453.11	25804.42
"tcruzi-239506"	60433.54	32223.99
"tcruzi-239507"	58320.54	31440.8
"tcruzi-239508"	62002.04	28934.41
"tcruzi-239532"	38243.55	8426.36
"tcruzi-239533"	34353.24	9754.23
"tcruzi-239535"	34770.61	16392.64
"tcruzi-239796"	164.14	14.12
"tcruzi-240112"	354.75	20.26
"tcruzi-240123"	52732.84	28795.54
"tcruzi-240124"	18354.51	1575.2
"tcruzi-240181"	1337.81	203.12
"tcruzi-240193"	63980.3	28570.81
"tcruzi-240211"	56098.41	19867.12
"tcruzi-240212"	63541.89	30701.48
"tcruzi-240213"	48838.46	19947.49
"tcruzi-240215"	59991.72	30916.91
"tcruzi-240216"	246.15	44.47
"tcruzi-240537"	362.63	66.55
"tcruzi-240557"	6297.74	1161.28
"tcruzi-240558"	13375.06	1393.37
"tcruzi-240559"	30440.69	8707.61
"tcruzi-240560"	34958.86	8661.76
"tcruzi-240561"	161.92	31.96
"tcruzi-240682"	4628.39	424.43
"tcruzi-240785"	71.66	33.8
"tcruzi-241080"	40.38	29.37
"tcruzi-241117"	38318.04	4143.1
"tcruzi-241145"	1607.1	199.52
"tcruzi-241568"	19468.68	4535.44
"tcruzi-241811"	43.79	10.74
"tcruzi-241926"	9137.05	890.76
"tcruzi-242266"	162.28	24.26
"tcruzi-243105"	107.25	27.12
"tcruzi-243300"	86.44	36.22
"tcruzi-243486"	60.06	13.19
"tcruzi-243838"	82.95	29.6
"tcruzi-244087"	62642.6	22479.7
"tcruzi-244298"	223.13	36.15
"tcruzi-244410"	8723.56	2467.32
"tcruzi-244677"	6728.15	2090.26
"tcruzi-245118"	672.34	93.92
"tcruzi-245283"	8478.95	1035.4
"tcruzi-245290"	402.44	54.97
"tcruzi-245343"	1515.59	510.98
"tcruzi-245347"	46061.35	17699.69
"tcruzi-245399"	57066.97	18589.11
"tcruzi-245832"	166.32	27.67
"tcruzi-245847"	50.8	28.18
"tcruzi-246485"	120.55	51.74
"tcruzi-246664"	68.28	17.65
"tcruzi-247350"	352.39	40.48
"tcruzi-247564"	54.65	12.04
"tcruzi-247923"	171.75	61.4
"tcruzi-248037"	95.38	26.44
"tcruzi-248103"	122.81	26.65
"tcruzi-248200"	48203.08	22994.49
"tcruzi-248692"	267.42	22.68
"tcruzi-248772"	248.04	85.62
"tcruzi-249233"	6000.44	621.14
"tcruzi-249542"	40.38	31.22
"tcruzi-249924"	63662.07	55904.25
"tcruzi-249925"	185.36	30.44
"tcruzi-249926"	64455.3	31842.57
"tcruzi-250340"	321.47	46.52
"tcruzi-250845"	43232.71	11360.92
"tcruzi-251484"	56705.88	9598.5
"tcruzi-251997"	99.38	20.13
"tcruzi-252205"	74.05	18.12
"tcruzi-252232"	86.8	31.1
"tcruzi-252880"	820.66	106.04
"tcruzi-253513"	47.82	19.66
"tcruzi-253680"	351.51	41.58
"tcruzi-253683"	45114.98	6757.07
"tcruzi-253684"	35840.82	4508.07
"tcruzi-253688"	23712.63	1942.17
"tcruzi-254003"	65509.67	46797.64
"tcruzi-254006"	64210.07	55685.44
"tcruzi-254007"	65525.19	48631.37
"tcruzi-254010"	58592.88	31278.13
"tcruzi-254011"	61962.89	37862.11
"tcruzi-254012"	5946.26	696.67
"tcruzi-254013"	13911.69	3479.79
"tcruzi-254014"	60830.94	31018.3
"tcruzi-254015"	64147.48	36453.66
"tcruzi-254016"	64540.44	30422.24
"tcruzi-254023"	8039.35	1053.52
"tcruzi-254025"	17272.41	2325.08
"tcruzi-254026"	16275.78	2319.97
"tcruzi-254028"	6164.59	578.86
"tcruzi-254029"	17563.91	2922.21
"tcruzi-254030"	19659.68	2917.19
"tcruzi-254545"	88.36	18.9
"tcruzi-254637"	231.06	65.27
"tcruzi-254670"	343.6	29.36
"tcruzi-254822"	5401.89	487.38
"tcruzi-254851"	2459.03	281.13
"tcruzi-255367"	198.38	36.82
"tcruzi-255614"	210.89	37.8
"tcruzi-256541"	94.04	28.69
"tcruzi-256597"	53.77	32.79
"tcruzi-256832"	12102.74	879.36
"tcruzi-257720"	49.76	30.23
"tcruzi-257774"	38256.82	10764.24
"tcruzi-257929"	160.59	9.09
"tcruzi-258136"	48360.72	4901.07
"tcruzi-258375"	43.58	19.2
"tcruzi-258481"	8358.5	1688.22
"tcruzi-258622"	38979.15	15631.33
"tcruzi-258903"	25290.95	8856.03
"tcruzi-259632"	56.64	18.13
"tcruzi-260260"	45.9	19.96
"tcruzi-260291"	38733.42	18521.76
"tcruzi-260349"	104.01	26.45
"tcruzi-260564"	51.73	19.75
"tcruzi-260773"	56.19	34.38
"tcruzi-260853"	13372.19	1105.46
"tcruzi-260854"	52748.37	8668.13
"tcruzi-260855"	54315.67	6002.59
"tcruzi-260856"	53949.51	12086.39
"tcruzi-260859"	58905.5	9319.31
"tcruzi-260861"	889.65	74.33
"tcruzi-260862"	48931.33	5105.27
"tcruzi-260863"	49658.77	5995.35
"tcruzi-260864"	39380.97	5349.24
"tcruzi-260914"	57485.91	8554.17
"tcruzi-260915"	57681.72	9011.31
"tcruzi-261001"	46744.79	15863
"tcruzi-261388"	11562.48	957.83
"tcruzi-261389"	56511	6568.99
"tcruzi-261390"	49478.54	6229.89
"tcruzi-261391"	48212.33	5801.12
"tcruzi-261394"	36641.71	3913.59
"tcruzi-261396"	384.27	27.68
"tcruzi-261397"	40919.13	4639.22
"tcruzi-261398"	37071.6	4046.6
"tcruzi-261399"	24569.03	1928.36
"tcruzi-261553"	857.47	100.33
"tcruzi-261619"	43.2	23.21
"tcruzi-261741"	56422.75	8375.51
"tcruzi-261742"	57298.38	5633.38
"tcruzi-262018"	13422.74	3462.03
"tcruzi-262518"	140.56	47.36
"tcruzi-262567"	57736.66	17856.19
"tcruzi-262575"	52310.1	24890.44
"tcruzi-262580"	1241.75	90.8
"tcruzi-263264"	4709.92	868.22
"tcruzi-263345"	47371.09	12553.02
"tcruzi-263631"	33.4	25.39
"tcruzi-263656"	62.47	34.96
"tcruzi-264126"	12379.13	1414.76
"tcruzi-264127"	23458	2260.79
"tcruzi-264129"	47538.36	14640.41
"tcruzi-264131"	32455.04	7005.28
"tcruzi-264133"	33333.33	6905.96
"tcruzi-264238"	6067.11	709.52
"tcruzi-264276"	13551.74	1217.05
"tcruzi-264279"	125.45	25.05
"tcruzi-264581"	53.64	25.76
"tcruzi-264654"	100.6	29.43
"tcruzi-264662"	86.36	42.11
"tcruzi-265117"	6894.55	1916.94
"tcruzi-265971"	4208.33	475.11
"tcruzi-266093"	34961.09	12544.31
"tcruzi-266148"	615.86	104.36
"tcruzi-266149"	43025.07	4645.88
"tcruzi-266150"	44830.76	5901.13
"tcruzi-266151"	42572.82	6465.57
"tcruzi-266154"	39824.67	3972.33
"tcruzi-266159"	727.61	67.86
"tcruzi-266160"	34882.45	4253.95
"tcruzi-266161"	37444.77	3832.2
"tcruzi-266162"	32069.64	2717.5
"tcruzi-266176"	71.87	22.92
"tcruzi-266195"	30814.41	5156.93
"tcruzi-266196"	29421.85	6694.81
"tcruzi-266198"	21547.24	4047.35
"tcruzi-266199"	14465.56	3556.69
"tcruzi-266201"	45128.65	17202.62
"tcruzi-266202"	44787.27	13998.22
"tcruzi-266203"	53433.53	22543.27
"tcruzi-266204"	47910.5	16309.64
"tcruzi-266429"	157.47	23.42
"tcruzi-266448"	122.32	25.67
"tcruzi-266752"	54526.22	22699.35
"tcruzi-266753"	34147.63	8318.93
"tcruzi-266754"	50357.17	20549.05
"tcruzi-266755"	44520.89	22288.51
"tcruzi-266822"	212.28	48.98
"tcruzi-266984"	44354	5992.17
"tcruzi-267008"	153.76	55.93
"tcruzi-267475"	1081.24	87.96
"tcruzi-267850"	50221.77	24093.3
"tcruzi-268198"	44.08	17.1
"tcruzi-268841"	54215.92	7999.79
"tcruzi-268842"	58105.06	6540.97
"tcruzi-269723"	45.78	18.4
"tcruzi-270363"	86.88	34.33
"tcruzi-270380"	22884.47	2110.66
"tcruzi-270507"	604.25	50.18
"tcruzi-270809"	18464.85	4108.83
"tcruzi-270913"	57348.96	36126.17
"tcruzi-270993"	48890.24	24154.5
"tcruzi-271506"	8540.02	711.21
"tcruzi-271507"	15252.77	3988.38
"tcruzi-271543"	18091.3	6278.19
"tcruzi-271613"	966.03	248.96
"tcruzi-271631"	46.29	23.35
"tcruzi-271662"	46.38	16.98
"tcruzi-271761"	86.39	18.38
"tcruzi-271798"	38622.13	5276.02
"tcruzi-271861"	339.19	79.88
"tcruzi-272114"	64375.4	41690.71
"tcruzi-272529"	330.77	71.34
"tcruzi-272584"	4470.91	570.79
"tcruzi-272585"	22137.11	3679.2
"tcruzi-272586"	36529.1	17994.55
"tcruzi-272625"	26797.79	3810.18
"tcruzi-272806"	87.79	29.83
"tcruzi-273690"	55	30.28
"tcruzi-273838"	78.21	18.73
"tcruzi-273955"	27025.38	20073.63
"tcruzi-273956"	10607.27	1208.95
"tcruzi-273992"	50.27	28.02
"tcruzi-274084"	319.87	41.07
"tcruzi-274375"	3223.14	314.09
"tcruzi-274377"	12238.19	933.55
"tcruzi-274892"	7627.58	702.46
"tcruzi-275083"	66.81	40.33
"tcruzi-275099"	134.05	22.74
"tcruzi-275228"	5302.69	978.89
"tcruzi-275973"	3494.44	433.57
"tcruzi-276263"	63.59	37.24
"tcruzi-276291"	90.31	10.71
"tcruzi-277080"	121.76	46.37
"tcruzi-277113"	173.72	32.41
"tcruzi-277318"	6329.87	683.84
"tcruzi-277401"	204.78	26.56
"tcruzi-277624"	42.94	15.18
"tcruzi-277702"	106.35	25.37
"tcruzi-277793"	121.57	42.58
"tcruzi-277820"	1878.2	433.92
"tcruzi-277998"	28808.68	7316.15
"tcruzi-278011"	15705.54	1269.55
"tcruzi-278255"	50851.09	19067.62
"tcruzi-278302"	44880.05	24293.53
"tcruzi-278307"	1780.37	163.33
"tcruzi-278504"	570.92	107.06
"tcruzi-278693"	6008.24	525.76
"tcruzi-278694"	15639.37	2508.24
"tcruzi-279381"	37962.95	11640.22
"tcruzi-280091"	99.76	50.11
"tcruzi-280207"	44294.59	9836.56
"tcruzi-280208"	58352.91	17917.4
"tcruzi-280301"	7877.32	683.27
"tcruzi-280330"	182.21	16.22
"tcruzi-280337"	118.46	21.85
"tcruzi-280368"	116.83	45.64
"tcruzi-280549"	50946.95	8702.38
"tcruzi-280764"	21495.63	2936.43
"tcruzi-281260"	393.72	65.59
"tcruzi-282043"	23552.44	11723.28
"tcruzi-282061"	13466.17	2702.82
"tcruzi-282062"	48004.7	23723.07
"tcruzi-282063"	52089.49	25441.34
"tcruzi-282064"	63766.53	29154.51
"tcruzi-282065"	53367	29762.52
"tcruzi-282067"	33268.53	7667
"tcruzi-282068"	27728.05	11697.76
"tcruzi-282069"	38020.29	15989.67
"tcruzi-282203"	24687.73	5786.51
"tcruzi-282364"	60646.98	22679.83
"tcruzi-283027"	331.79	50.26
"tcruzi-283225"	84.93	20.5
"tcruzi-283517"	43598.82	24731.27
"tcruzi-283521"	2120.09	168.88
"tcruzi-283723"	140.77	75.05
"tcruzi-283880"	168.27	32.9
"tcruzi-284087"	47821.1	24903.26
"tcruzi-284546"	3678.76	399.34
"tcruzi-285140"	138.57	26.23
"tcruzi-285246"	75.41	20.98
"tcruzi-285653"	40086.34	6523.27
"tcruzi-285933"	15112.03	2783.03
"tcruzi-285934"	51802.4	23989.92
"tcruzi-285936"	59689.69	31707.11
"tcruzi-285937"	57181.06	30699.26
"tcruzi-285938"	30443.22	11630.3
"tcruzi-285997"	53543.83	19421.89
"tcruzi-286175"	51982.28	24356.59
"tcruzi-286178"	215.57	46.84
"tcruzi-287121"	27547.1	5342.53
"tcruzi-287122"	51861.97	24854.48
"tcruzi-287124"	58339.97	30101.9
"tcruzi-287125"	37326.82	12967.29
"tcruzi-287186"	51368.11	23542.91
"tcruzi-287189"	231.34	23.04
"tcruzi-289780"	66.62	30.22
"tcruzi-289937"	205.43	30.21
"tcruzi-290067"	146.96	28
"tcruzi-291133"	25952.94	4892.5
"tcruzi-291134"	23248.04	4656.77
"tcruzi-291135"	23131.9	5087.8
"tcruzi-291136"	63184	28819.33
"tcruzi-291137"	63100.91	28499.93
"tcruzi-291138"	62725.65	20533.55
"tcruzi-291167"	1019.99	267.05
"tcruzi-291549"	196.51	41.61
"tcruzi-291585"	289.37	34.79
"tcruzi-291602"	799.27	190.28
"tcruzi-291625"	59.95	23.47
"tcruzi-291785"	2523.18	277.91
"tcruzi-291976"	2882.94	181.99
"tcruzi-291978"	16208.8	1488.71
"tcruzi-292224"	209.52	41.16
"tcruzi-292437"	70.49	25.43
"tcruzi-292562"	109.14	31.34
"tcruzi-292594"	164.82	30.63
"tcruzi-292764"	586.62	269.55
"tcruzi-292986"	34685.82	16061.45
"tcruzi-293293"	241.19	28.9
"tcruzi-293378"	574.64	61.05
"tcruzi-293498"	124.76	18.4
"tcruzi-293894"	7487.4	827.98
"tcruzi-293921"	24135.67	3436.24
"tcruzi-293922"	26161.11	5656.39
"tcruzi-293923"	34933.83	11068.66
"tcruzi-293924"	35901	10747.63
"tcruzi-293925"	18507.19	2229.89
"tcruzi-294239"	161.89	20.61
"tcruzi-294373"	8104.12	1149.12
"tcruzi-294541"	7429.71	723.96
"tcruzi-294837"	325.17	40.26
"tcruzi-295266"	30271.18	7080.33
"tcruzi-295272"	9835.4	983.81
"tcruzi-295575"	18932.49	869.26
"tcruzi-295728"	91.94	49.14
"tcruzi-295811"	5225.4	387.61
"tcruzi-295979"	17585.99	2724.55
"tcruzi-295980"	30976.12	6180.83
"tcruzi-295983"	44256.95	16389.33
"tcruzi-295984"	49738.78	18668.56
"tcruzi-295985"	48311.42	17638.07
"tcruzi-295987"	33527.54	9221.53
"tcruzi-295988"	31658.3	9547.4
"tcruzi-295989"	29358.9	7785.19
"tcruzi-295993"	35575.42	10217.74
"tcruzi-296234"	208.99	36.17
"tcruzi-296577"	142.56	20.13
"tcruzi-296826"	34513.67	10091.92
"tcruzi-296829"	8235.67	864.56
"tcruzi-296833"	14610.47	1584.63
"tcruzi-296876"	152.17	37.5
"tcruzi-297073"	281.49	31.32
"tcruzi-297119"	442.95	78.98
"tcruzi-297137"	164.56	54.16
"tcruzi-297262"	24915.56	6120.11
"tcruzi-297563"	13050.09	1093.23
"tcruzi-297571"	285.82	44.52
"tcruzi-297576"	357.14	64.57
"tcruzi-297639"	176.43	32.12
"tcruzi-298012"	36.74	19.37
"tcruzi-298186"	60.11	24.54
"tcruzi-298377"	78.26	24.4
"tcruzi-298613"	481.43	30.18
"tcruzi-298670"	1183.71	127.37
"tcruzi-298807"	359.25	66.74
"tcruzi-298854"	414.03	61.31
"tcruzi-298915"	648.02	40.62
"tcruzi-299457"	38911.17	16368.47
"tcruzi-300070"	315.47	29.51
"tcruzi-300094"	32.15	18.9
"tcruzi-300139"	112.06	41.81
"tcruzi-300312"	77.15	27.91
"tcruzi-301338"	28.19	21.54
"tcruzi-301610"	150.07	24.31
"tcruzi-301934"	140.11	45.41
"tcruzi-301994"	170.08	34.51
"tcruzi-302007"	189.59	37.71
"tcruzi-302304"	210.85	76.71
"tcruzi-302374"	145.24	64.65
"tcruzi-302535"	90.88	22.17
"tcruzi-302680"	62922.31	31635.29
"tcruzi-302681"	61710.61	22135.98
"tcruzi-302848"	80.61	17.65
"tcruzi-302893"	9184.6	681.73
"tcruzi-302926"	48151.77	24130.71
"tcruzi-302957"	181.76	28.06
"tcruzi-303552"	99.14	21.79
"tcruzi-303823"	820.06	80.95
"tcruzi-303883"	205.81	34.97
"tcruzi-304396"	524.03	151.39
"tcruzi-304787"	69.54	25.86
"tcruzi-304824"	88.31	38.86
"tcruzi-305037"	161.07	59.75
"tcruzi-305157"	794.18	48.88
"tcruzi-305193"	61.31	30.73
"tcruzi-305279"	35601.49	12647.53
"tcruzi-305559"	116.54	48.87
"tcruzi-305647"	46.96	20.44
"tcruzi-305757"	248.18	47.7
"tcruzi-305831"	54780.89	18041.26
"tcruzi-305928"	37.19	31.93
"tcruzi-306921"	25147.93	3397.54
"tcruzi-306974"	84.62	31.08
"tcruzi-307197"	22540.78	5299.49
"tcruzi-307483"	58.62	33.83
"tcruzi-307516"	20332.13	1802.79
"tcruzi-307652"	35287.23	5722.54
"tcruzi-307752"	6756.59	540.3
"tcruzi-307790"	7392.36	1598.9
"tcruzi-308548"	1753.29	120.36
"tcruzi-308587"	1529.25	156.33
"tcruzi-308604"	72.56	30.24
"tcruzi-308736"	5832	464.03
"tcruzi-309009"	171.24	51.4
"tcruzi-309013"	1415.39	176.31
"tcruzi-309344"	203.09	35.2
"tcruzi-309362"	390.07	48.47
"tcruzi-309439"	33102.88	10148.94
"tcruzi-309459"	156.42	75.84
"tcruzi-309956"	764.76	70.7
"tcruzi-310492"	49.9	19.02
"tcruzi-310618"	39.87	9.6
"tcruzi-310814"	52.13	26.18
"tcruzi-310945"	14397.41	2114.73
"tcruzi-311017"	18294.14	2781.07
"tcruzi-311289"	134.16	17.32
"tcruzi-311400"	189.9	47
"tcruzi-311706"	73.28	43.55
"tcruzi-311718"	129.84	36.81
"tcruzi-312081"	49523.52	22063.06
"tcruzi-312269"	75.67	31.25
"tcruzi-312712"	236.89	21.71
"tcruzi-312920"	3983.55	1080.84
"tcruzi-313115"	174.21	67.37
"tcruzi-313362"	110.87	14.22
"tcruzi-313680"	266.09	51.23
"tcruzi-313913"	893.76	83.24
"tcruzi-314053"	499.25	48.37
"tcruzi-314612"	133.2	48.06
"tcruzi-315032"	2226.35	184.54
"tcruzi-315121"	76.19	36.6
"tcruzi-315305"	13906.68	2169.85
"tcruzi-315306"	12302.01	1845.66
"tcruzi-315307"	34439.65	9675.81
"tcruzi-315308"	50061.02	8970.9
"tcruzi-315312"	1062.61	85.23
"tcruzi-315513"	18035.24	1283.43
"tcruzi-315591"	59.68	20.53
"tcruzi-315714"	101.54	27
"tcruzi-315844"	101.69	20.47
"tcruzi-316115"	1374.76	187
"tcruzi-316618"	3263	268.9
"tcruzi-316806"	47278.53	17355.68
"tcruzi-316807"	58341.83	20605.41
"tcruzi-316808"	52593.49	16261.65
"tcruzi-317437"	145.92	34.89
"tcruzi-317662"	424.6	45.72
"tcruzi-317940"	215.83	46.45
